UNKNOWN                 
1 81036U          23338.55787994  .00008463  00000+0  16352-1 0  9999
2 81036  66.0485 187.9142 2670977 351.3836   4.8625  9.22121326334179
UNKNOWN                 
1 81052U          23335.89958970  .00018956  00000+0  55368-2 0  9994
2 81052  65.7826  82.0017 0622285 306.9972  47.5656 13.68418064498253
UNKNOWN                 
1 81069U          23337.55839469  .00005213  00000+0  78724-2 0  9991
2 81069 100.3067 190.8639 0065751  46.5860 314.0721 13.52216717415577
UNKNOWN                 
1 81078U          23338.46574956 -.00000634  00000+0 -17743-1 0  9996
2 81078  65.1168 348.6366 0187007 170.2157 343.3389 11.21994673411669
UNKNOWN                 
1 81111U          23338.10527244  .00044342  00000+0  73531-2 0  9993
2 81111  62.8910 327.3161 4127493 328.5029  12.3211  7.10932255217523
UNKNOWN                 
1 81123U 70025    23335.02028724  .00001691  00000+0  17032-2 0  9991
2 81123 100.0313   3.7519 0003848 184.6710 175.4404 13.79024084503810
UNKNOWN                 
1 81134U          23339.43750116  .00000165  00000+0  58212-3 0  9996
2 81134  90.2538 347.1561 0025262 158.2537 201.9659 12.92597383367211
UNKNOWN                 
1 81161U          23327.29200364  .00000421  00000+0  50850-3 0  9997
2 81161 100.3990  91.6152 0063541  16.4687 343.8502 13.72478427453053
UNKNOWN                 
1 81219U 81053    23338.36203838  .00000780  00000+0  72888-3 0  9990
2 81219  82.9282 200.8882 0021579 134.8290 225.4628 13.80514868505455
UNKNOWN                 
1 81228U          23339.04321872  .00005073  00000+0  20588-2 0  9997
2 81228  70.5218 114.7547 0087835  13.9256 346.4261 14.26027556520227
UNKNOWN                 
1 81247U 81053    23338.68080883  .00076765  00000+0  90212-2 0  9995
2 81247  83.2309 120.6548 0025456 311.9810  47.9238 14.84260260529417
UNKNOWN                 
1 81254U 70025    23333.33742648  .00003603  00000+0  26352-2 0  9996
2 81254 100.3786 286.2642 0070077 231.8420 127.6409 13.95544433508832
UNKNOWN                 
1 81264U          23325.48700490  .00017053  00000+0  25504-2 0  9991
2 81264  99.4086  56.1565 0081097 111.7012 249.2850 14.72561256499017
UNKNOWN                 
1 81279U          23338.74093634  .00001488  00000+0  61426-3 0  9994
2 81279  98.1653  86.0732 0217263  23.0738 338.0019 14.16143602357851
UNKNOWN                 
1 81301U          23333.24529028  .00000760  00000+0  83477-3 0  9993
2 81301  66.7593 272.9397 0088876   7.3395  63.2431 13.75934024503908
UNKNOWN                 
1 81311U 90105    23336.85680736  .00001330  00000+0  28916-3 0  9994
2 81311  98.8102 345.1883 0135082 221.6713 261.1612 14.54421112531819
UNKNOWN                 
1 81317U 80089    23334.13753118  .00000430  00000+0  82688-3 0  9990
2 81317  67.1388  13.1532 0214667 195.1687 199.0548 13.37462508489177
UNKNOWN                 
1 81323U          23316.38533392  .00020943  00000+0  38464-2 0  9992
2 81323  65.7655 307.4059 0453141 353.2791   6.2337 14.15947748  4093
UNKNOWN                 
1 81329U          23330.17396914  .00003276  00000+0  12191-2 0  9997
2 81329  65.8276  32.3113 0860328   7.0059  20.5464 13.16009087517470
UNKNOWN                 
1 81341U          23337.05723586  .00003080  00000+0  83451-2 0  9994
2 81341  99.5252   5.7547 0389854  28.9576 333.2562 12.91235350427607
UNKNOWN                 
1 81342U          23316.20231037  .00006288  00000+0  32849-2 0  9992
2 81342  70.8907 123.1192 0147478  72.3101 289.4056 14.09314446510124
UNKNOWN                 
1 81343U          23336.69637673  .00007475  00000+0  76041-3 0  9996
2 81343  85.8780 231.1532 0012150  45.5803 314.6415 14.90576468343451
UNKNOWN                 
1 81357U          23338.58177371  .00038411  00000+0  21222-2 0  9999
2 81357  97.3981 196.5279 0125209 351.3448   8.5619 15.07250893425593
UNKNOWN                 
1 81359U          23339.51724997  .00000718  00000+0  77076-3 0  9995
2 81359  66.8010  15.7094 0111746 109.1370 252.1838 13.76605998503782
UNKNOWN                 
1 81366U          23334.53496752  .00001428  00000+0  54860-3 0  9990
2 81366  65.8869  25.9096 0726357  78.4378 289.7241 13.41188184966380
UNKNOWN                 
1 81371U          23338.54038971  .00003488  00000+0  67567-3 0  9992
2 81371  98.8866   7.5030 0082859 129.7888 231.0645 14.61840073533531
UNKNOWN                 
1 81386U          23333.85214226  .00010056  00000+0  42470-2 0  9990
2 81386  71.0559 152.2323 0112254 171.6737 188.6289 14.22399432517947
UNKNOWN                 
1 81390U          23338.48889344  .00000544  00000+0  44920-2 0  9991
2 81390 103.1360 166.3843 0177490 354.4296   5.4787 12.35220246408795
UNKNOWN                 
1 81391U          23322.78242416  .00004585  00000+0  17523-2 0  9999
2 81391  81.2002 345.8594 0015126 143.8303 216.3905 14.30529551473344
UNKNOWN                 
1 81392U          23338.25399186  .00004567  00000+0  49928-2 0  9990
2 81392 100.4324 245.2780 0039944 101.3947  51.5378 13.72741224500367
UNKNOWN                 
1 81402U          23337.56423487  .00018873  00000+0  54795-2 0  9990
2 81402  98.6943  15.2567 0005604 122.9840 237.1889 14.44349942340114
UNKNOWN                 
1 81405U          23338.29355857  .00002481  00000+0  20018-2 0  9998
2 81405  99.5268   3.6143 0165698  33.2710 327.8731 13.85163184459286
UNKNOWN                 
1 81406U          23325.46787303  .00002092  00000+0  86515-3 0  9992
2 81406  65.8162  40.9937 0888812 292.5549  58.3819 13.07264797435150
UNKNOWN                 
1 81409U 87068    23336.05708192  .00066828  00000+0  16872-1 0  9994
2 81409  82.6562  98.6012 0043633 154.3308 206.0069 14.50061577522796
UNKNOWN                 
1 81418U          23336.37085737  .00004329  00000+0  82925-2 0  9994
2 81418 100.2910 127.7694 0061135 267.1132  92.2996 13.37260073300036
UNKNOWN                 
1 81425U          23337.44930022  .00007601  00000+0  82787-2 0  9999
2 81425  99.4697  59.4802 0086594 216.3750 143.1492 13.71364217340512
UNKNOWN                 
1 81427U          23325.65183413  .00001229  00000+0  76863-3 0  9994
2 81427  98.8203 219.1490 0087657 350.7714   9.1839 14.04626013446090
UNKNOWN                 
1 81438U          23318.30548945  .00002859  00000+0  46114-2 0  9990
2 81438 100.2998 151.5667 0044347 127.3981 233.1200 13.49017511489328
UNKNOWN                 
1 81439U          23326.90247013  .00000232  00000+0  79531-3 0  9991
2 81439  67.1595 152.7824 0603812 305.7513  48.8765 12.61799571167137
UNKNOWN                 
1 81449U 85042    23339.12594591  .00011848  00000+0  32439-2 0  9995
2 81449  66.8043 236.3292 0041874 350.1263   9.9016 14.46870120525174
UNKNOWN                 
1 81478U          23339.65118675  .00004721  00000+0  19987-2 0  9996
2 81478  98.9909 225.9716 0164807 322.8939  65.1050 14.18902726517929
UNKNOWN                 
1 81488U 75052    23338.53936529  .00000405  00000+0  64269-3 0  9997
2 81488 100.0946 185.9089 0044831  31.6461 357.7547 13.55875944496437
UNKNOWN                 
1 81497U          23338.47408847  .00005455  00000+0  58790-2 0  9999
2 81497 100.3351 156.6762 0029944 102.9213 286.1098 13.73622810114387
UNKNOWN                 
1 81499U          23339.53589332  .00003286  00000+0  10559-2 0  9999
2 81499  74.0543 151.8526 0002770  18.3868 341.7387 14.39771455375895
UNKNOWN                 
1 81535U          23336.59545724  .00004074  00000+0  17693-2 0  9992
2 81535  98.1669 110.9314 0246788 127.6510 234.7333 14.09601769282830
UNKNOWN                 
1 81536U 73086    23337.06668302  .00000836  00000+0  54462-2 0  9995
2 81536 102.0229 177.2225 0031618 267.5720 248.2249 12.54709628458872
UNKNOWN                 
1 81537U 93016    23326.09481531  .00000322  00000+0  21775-3 0  9991
2 81537  71.0401 223.1167 0079408 206.0370 153.6745 14.06141424514768
UNKNOWN                 
1 81552U          23332.03946030  .00001269  00000+0  28528-2 0  9993
2 81552  99.0266 353.1864 0264947   5.9774 354.4404 13.16497302481068
UNKNOWN                 
1 81564U          23337.39665106  .00013796  00000+0  45506-2 0  9995
2 81564  81.1829  11.9271 0023122 345.3792  14.6722 14.37862875460417
UNKNOWN                 
1 81569U          23339.34586454  .00000273  00000+0  11871-2 0  9999
2 81569  28.0738  79.6765 0317950 343.7128  15.3370 12.46315656460639
UNKNOWN                 
1 81579U          23339.62989065  .00023469  00000+0  99156-2 0  9990
2 81579 100.0897  39.1163 0161312   1.0252 359.1220 14.18763831508124
UNKNOWN                 
1 81599U          23332.77798903  .00001684  00000+0  31062-2 0  9997
2 81599  67.2971  90.5674 0259155 258.7561 255.7327 13.29987054485958
UNKNOWN                 
1 81605U          23338.50193992  .00001090  00000+0  50713-2 0  9994
2 81605  56.4362 143.0568 0145253 214.4240 144.7209 12.79101434 91539
UNKNOWN                 
1 81614U 76077    23334.59435712  .00008935  00000+0  64705-1 0  9995
2 81614 101.8163 349.1372 0354986  79.8201 284.2689 12.26801294446450
UNKNOWN                 
1 81615U 92021    23337.39094585  .00002520  00000+0  95579-3 0  9992
2 81615  65.8321 338.5648 0799278 117.2795 251.1936 13.27076583484352
UNKNOWN                 
1 81617U 73086    23338.48607785  .00000549  00000+0  35465-2 0  9993
2 81617 101.2603 174.9530 0043760 264.4620  95.1464 12.56715443460211
UNKNOWN                 
1 81624U          23338.15238289  .00004258  00000+0  92366-3 0  9995
2 81624  66.9865  27.1934 0081390 130.2470 230.5801 14.57033355531450
UNKNOWN                 
1 81640U          23338.62059587  .00000623  00000+0  61623-3 0  9991
2 81640  65.8233 201.9842 0988061  16.6796 346.4381 12.56091283417201
UNKNOWN                 
1 81652U 76077    23337.71061215  .00001587  00000+0  19117-2 0  9991
2 81652 102.1499  62.1809 0376947 211.5785 307.0338 13.42464461479279
UNKNOWN                 
1 81661U          23325.25773438  .00028112  00000+0  48487-2 0  9992
2 81661  98.4257 253.0334 0049099 337.1790  22.7231 14.67626996425789
UNKNOWN                 
1 81667U          23339.39838118  .00003091  00000+0  97194-3 0  9994
2 81667  74.0448 330.3621 0014205  89.9827 270.2956 14.40821851350036
UNKNOWN                 
1 81674U          23339.65376278  .00001631  00000+0  10231-2 0  9999
2 81674  66.8253  58.3196 0024630  31.3731 116.0090 14.06850132509778
UNKNOWN                 
1 81683U          23339.45029794  .00003343  00000+0  89139-3 0  9991
2 81683  81.2213 348.0851 0029078  24.3107 335.9449 14.48041928528662
UNKNOWN                 
1 81693U 73086    23331.58667527  .00000864  00000+0  66743-2 0  9994
2 81693 101.0979 105.6431 0362544  50.3135 312.9310 12.24162154876397
UNKNOWN                 
1 81696U          23339.64796064  .00035285  00000+0  19235-2 0  9996
2 81696  97.4089 228.9890 0133347 182.6696 177.3836 15.06896727403256
UNKNOWN                 
1 81732U          23334.66165722  .00152222  00000+0  65717-2 0  9992
2 81732  65.7181  53.1103 0135661 236.8728 121.9326 15.13759868534382
UNKNOWN                 
1 81745U          23339.05969979  .00002310  00000+0  85270-3 0  9999
2 81745  71.0024 195.6208 0008470 275.1362 237.0159 14.33489412523621
UNKNOWN                 
1 81749U          23339.32684192  .00000272  00000+0  10618-2 0  9992
2 81749  99.7214 101.8420 0366702  24.6685   1.8016 12.77219790467721
UNKNOWN                 
1 81775U          23338.33704758  .00005640  00000+0  23570-2 0  9997
2 81775  82.9246 109.5180 0019313 354.3565   5.7399 14.25901255519353
UNKNOWN                 
1 81779U          23338.98542897  .00008713  00000+0  49883+0 0  9992
2 81779  54.3895 215.9300 1591366 138.1605 235.2437  9.26759874411642
UNKNOWN                 
1 81792U          23327.46056315  .00004212  00000+0  15094-2 0  9993
2 81792  65.8271 335.4462 0916648 255.7176  94.0485 13.06472280476956
UNKNOWN                 
1 81812U          23339.45735029  .00003247  00000+0  24331-1 0  9994
2 81812 103.5730 159.6430 0267458  41.4252 320.6749 12.31817722449449
UNKNOWN                 
1 81813U          23326.55334525  .00006633  00000+0  17416-2 0  9997
2 81813  99.0268 215.9787 0015243 197.2886 162.7789 14.49454827526586
UNKNOWN                 
1 81816U 77121    23338.98814423  .00002937  00000+0  22846-2 0  9994
2 81816  66.2403 332.7459 0188578 315.1265  43.4689 13.85856598506834
UNKNOWN                 
1 81817U          23323.68976760  .00024904  00000+0  15203-2 0  9998
2 81817  65.7159  64.6586 0182829  25.4001 335.5969 14.97329213534864
UNKNOWN                 
1 81818U          23316.46546067  .00004395  00000+0  87804-3 0  9999
2 81818  65.7513 215.1509 0653855 258.8847  93.8070 13.77268663543000
UNKNOWN                 
1 81819U          23338.13503331  .00001279  00000+0  91346-2 0  9998
2 81819 102.1906  54.7324 0031792  63.2959 297.1356 12.46267588455825
UNKNOWN                 
1 81824U          23339.53637052  .00003863  00000+0  17309-2 0  9995
2 81824  65.8465 172.9321 0042576  11.9879 348.2211 14.23140027519081
UNKNOWN                 
1 81833U          23336.46594046  .00000433  00000+0  15540-2 0  9994
2 81833  90.2463 346.4754 0028072 160.9631 199.2543 12.93286571356682
UNKNOWN                 
1 81838U          23339.53711962  .00004655  00000+0  14004-2 0  9992
2 81838  67.7679  14.3672 0039545 355.6400 154.2887 14.42904027526319
UNKNOWN                 
1 81844U          23338.47988435  .00006075  00000+0  27449-2 0  9997
2 81844  82.9201 161.8242 0077851 241.2386 118.0960 14.20364375517471
UNKNOWN                 
1 81845U          23338.55255925  .00003620  00000+0  46650-3 0  9997
2 81845  97.7162 183.4225 0098498 202.8573 185.4683 14.78274856540062
UNKNOWN                 
1 81864U          23331.09013835  .00003046  00000+0  11860-2 0  9998
2 81864  65.6743   6.2230 0787577 335.1097  21.3791 13.28067296451515
UNKNOWN                 
1 81865U 87062    23339.15999696  .00001836  00000+0  15984-2 0  9991
2 81865  82.8070 237.1551 0067920 300.3945 216.2877 13.84458859506219
UNKNOWN                 
1 81873U          23338.00298845  .00004775  00000+0  24672-2 0  9997
2 81873  99.0729  33.1132 0066133  17.9035 342.4446 14.14350414464741
UNKNOWN                 
1 81877U          23326.75663026  .00000599  00000+0  87849-3 0  9993
2 81877  65.9381  12.2484 0057192  82.0751 278.6791 13.61140291 21756
UNKNOWN                 
1 81893U 70025    23331.61065298  .00001480  00000+0  16297-2 0  9991
2 81893  99.9718 267.7828 0022240  18.3067 341.8875 13.73825626501510
UNKNOWN                 
1 81899U          23338.83662355  .00001842  00000+0  44570-2 0  9998
2 81899 102.4302 297.7625 0187983 331.5738  27.5215 13.17770836481562
UNKNOWN                 
1 81902U          23338.47898580  .00132418  00000+0  77721-2 0  9992
2 81902  81.6007 246.2272 0136095 339.4639  20.1142 15.03645624530880
UNKNOWN                 
1 81921U          23330.32659875  .00002902  00000+0  12440-2 0  9992
2 81921  65.7108 303.6390 0864616  71.9603 297.3629 13.09985264930446
UNKNOWN                 
1 81946U 87079    23339.42404602  .00000263  00000+0  10438-2 0  9999
2 81946  66.4201 132.1758 0671531 347.9374  38.0147 12.42200094456165
UNKNOWN                 
1 81947U          23332.68614323  .00014160  00000+0  14376-2 0  9999
2 81947  66.0830  65.5569 0442820 236.1642 119.6570 14.38607712523293
UNKNOWN                 
1 81964U          23339.29251623  .00000427  00000+0  37316-3 0  9993
2 81964  66.5853 291.4767 0041175 222.8191 136.9680 13.94944420511013
UNKNOWN                 
1 81969U          23338.35695909  .00006067  00000+0  59378-3 0  9991
2 81969  86.6621 111.1008 0008444 324.2935  35.7727 14.92128966329265
UNKNOWN                 
1 81995U          23333.18498610  .00013534  00000+0  28324-2 0  9999
2 81995  65.7547 249.8680 0575585 306.2519  48.6650 13.89460155500237
UNKNOWN                 
1 82039U          23338.72837598  .00061695  00000+0  75896-2 0  9993
2 82039  99.0449  74.1637 0025673 145.4162 214.8724 14.82456698449685
UNKNOWN                 
1 82043U          23339.53119259  .00002353  00000+0  72350-3 0  9994
2 82043  97.9055 184.9202 0253002 132.9686 229.3016 14.25527546468414
UNKNOWN                 
1 82044U          23333.22219025  .00002312  00000+0  23970-2 0  9995
2 82044  99.9101  65.8095 0064171  43.4507 317.1673 13.75920988459495
UNKNOWN                 
1 82051U          23324.44697301  .00003318  00000+0  14002-2 0  9997
2 82051  98.7895  34.2478 0110033 300.8771  58.1622 14.23098698464745
UNKNOWN                 
1 82073U          23337.37360220  .00003411  00000+0  99082-3 0  9990
2 82073  97.7250 117.1370 0231027  13.7281 347.0045 14.30469185468944
UNKNOWN                 
1 82139U          23339.10489788  .00002693  00000+0  15165-2 0  9997
2 82139  99.0800  28.4745 0089296 322.8505  36.6506 14.09266209375842
UNKNOWN                 
1 82162U          23338.11051779  .00003982  00000+0  66715-2 0  9997
2 82162 100.4287 215.0006 0050588 227.0142 132.6741 13.46196516404511
UNKNOWN                 
1 82180U          23332.98580977  .00014468  00000+0  26431-2 0  9995
2 82180  65.6625 181.9008 0436460 234.0876 121.8965 14.19151011494868
UNKNOWN                 
1 82189U          23338.32947741  .00000696  00000+0  25742-3 0  9997
2 82189  74.0348 323.0153 0017337 329.2991  30.7145 14.34193567526375
UNKNOWN                 
1 82199U          23337.24979991  .00001051  00000+0  92125-3 0  9995
2 82199  82.9695  70.0015 0036093 339.4600  49.5972 13.84395016507186
UNKNOWN                 
1 82205U          23333.03453113  .00004680  00000+0  12873-2 0  9991
2 82205  63.0057 188.1751 0542623 216.9385 139.3125 13.85909382504491
UNKNOWN                 
1 82223U          23338.40490453  .00003076  00000+0  18512-2 0  9999
2 82223  99.3712 185.9550 0073945 238.2699 121.1246 14.06217938344661
UNKNOWN                 
1 82227U          23322.36749017  .00000075  00000+0  87258-3 0  9994
2 82227 101.9451 289.5845 0003987  23.9026 138.2521 12.42141105547384
UNKNOWN                 
1 82250U          23336.18999868  .00013272  00000+0  80342-2 0  9995
2 82250  98.9297 237.5883 0078946 116.9073  40.6053 14.04971506512160
UNKNOWN                 
1 82272U          23338.73595090  .00000836  00000+0  27491-2 0  9999
2 82272  67.5264  98.0874 0758836 218.9272 135.4698 12.32657694180827
UNKNOWN                 
1 82284U          23334.09998538  .00029838  00000+0  86074-2 0  9996
2 82284  99.5510 207.5768 0088063  59.4707 301.5135 14.42297420565028
UNKNOWN                 
1 82285U          23337.57845100  .00010263  00000+0  93694-2 0  9997
2 82285 102.0038 254.8290 0330892  74.4776 289.2630 13.61440694494714
UNKNOWN                 
1 82295U          23330.35381831  .00003171  00000+0  12138-2 0  9997
2 82295  66.6209 308.6480 0125180  26.5999 334.1446 14.27645828472895
UNKNOWN                 
1 82303U          23339.23188757  .00015343  00000+0  26451-1 0  9991
2 82303  81.9288 255.6410 0053440 347.6660 165.6625 13.43466524413798
UNKNOWN                 
1 82311U          23339.16875516  .00000926  00000+0  13984-2 0  9997
2 82311  99.4901  54.2434 0108852   8.0745 352.2113 13.53018641450388
UNKNOWN                 
1 82363U          23338.38749264  .00001112  00000+0  18279-2 0  9997
2 82363  66.9374 335.7811 0465935 276.9693  77.8584 13.14477464193048
UNKNOWN                 
1 82369U 99025    23331.53523057  .00000204  00000+0  17146-3 0  9992
2 82369  98.9557 356.3563 0083492 237.7398 121.5655 13.97437696452921
UNKNOWN                 
1 82381U          23339.02884424  .00009579  00000+0  25634-2 0  9995
2 82381  98.4503 177.4600 0016668 280.9577  78.9741 14.48382345402805
UNKNOWN                 
1 82402U          23339.35600027  .00004810  00000+0  48960-3 0  9991
2 82402  86.6654 111.2348 0008380 325.3816  34.6865 14.90518540344011
UNKNOWN                 
1 82428U          23333.48813797  .07778996  00000+0  21443+0 0  9990
2 82428  63.1243   7.5399 0041943  44.0593 316.3853 15.30829822318353
UNKNOWN                 
1 82432U 93036    23332.95566984  .00004364  00000+0  10354-2 0  9996
2 82432  74.0096 315.0893 0063570 299.7511  59.7336 14.53037105374513
UNKNOWN                 
1 82448U          23338.13196795  .00005028  00000+0  51002-3 0  9991
2 82448  85.8814 230.3495 0012485  41.4165 318.8006 14.90621272326392
UNKNOWN                 
1 82453U          23339.34164632  .00000034  00000+0  58161-3 0  9991
2 82453 102.0706 288.5126 0093680 131.4475 229.4681 12.39603834454568
UNKNOWN                 
1 82458U          23321.31404944  .00002145  00000+0  11580-2 0  9995
2 82458  66.5139 339.3047 0062623 168.4967 191.7570 14.13599903502762
UNKNOWN                 
1 82464U          23333.52069623  .00028516  00000+0  57026-2 0  9994
2 82464  70.9944 271.9439 0059417 172.9500 303.8113 14.60611366526459
UNKNOWN                 
1 82484U          23337.08473888  .00000103  00000+0  20941-3 0  9992
2 82484  99.4437  22.9323 0043977 269.5356  90.0743 13.55359415490288
UNKNOWN                 
1 82500U          23324.24478716  .00003353  00000+0  18180-2 0  9991
2 82500  70.9732 145.7935 0135645 174.3086 185.9615 14.08539871512461
UNKNOWN                 
1 82517U          23339.17555029  .00041519  00000+0  70918-2 0  9993
2 82517  86.3628  33.9183 0025443 159.9158 200.3064 14.68495483316895
UNKNOWN                 
1 82524U          23339.45335647  .00004715  00000+0  19135-2 0  9995
2 82524  73.2883 141.0216 0165711 298.2614  89.8427 14.20776066471663
UNKNOWN                 
1 82529U          23334.21907108  .00001206  00000+0  19535-2 0  9992
2 82529  99.8032  70.3803 0241592 250.6399 138.7619 13.39507028490137
UNKNOWN                 
1 82545U          23324.24345269 -.00000026  00000+0  45502-3 0  9990
2 82545  64.8754 311.9896 0164824  75.8873 286.0308 11.30791070353715
UNKNOWN                 
1 82560U          23336.15259420  .00003356  00000+0  28970-2 0  9990
2 82560  99.9958 215.5785 0009591  90.0620  61.2108 13.87204172508912
UNKNOWN                 
1 82561U          23339.01012939  .00012200  00000+0  25228-2 0  9992
2 82561  63.1003 182.7433 0513224  40.2918  32.6648 14.01245231508540
UNKNOWN                 
1 82597U          23338.28778772  .00002280  00000+0  85591-3 0  9990
2 82597  66.7733 287.3630 0097102 142.0429 218.7568 14.30781174523008
UNKNOWN                 
1 82617U          23338.56385352  .00001011  00000+0  28088-3 0  9991
2 82617  74.0271 188.9006 0040796 313.9031  45.8761 14.47340928529802
UNKNOWN                 
1 82627U          23319.27220383  .00000595  00000+0  15664-2 0  9992
2 82627  82.4767  68.8027 0014651 185.9230 200.1452 13.14734508479108
UNKNOWN                 
1 82642U          23332.96048935  .00003623  00000+0  21960-2 0  9992
2 82642  98.9924 239.9663 0143659 151.9742 208.9254 14.01988000511570
UNKNOWN                 
1 82683U 99057    23338.25751546  .00001550  00000+0  63419-3 0  9997
2 82683  98.1867  92.3204 0221644  33.6181 327.8834 14.16047922357454
UNKNOWN                 
1 82693U          23315.43275588  .00003375  00000+0  43279-2 0  9998
2 82693 100.5337 201.8316 0041103 107.3225 253.2416 13.63271560449643
UNKNOWN                 
1 82698U          23337.55303820  .00004139  00000+0  23700-2 0  9997
2 82698  61.6077 325.5885 0723876  20.7979 342.0934 13.23955672440146
UNKNOWN                 
1 82708U          23333.16680077  .00001717  00000+0  68607-2 0  9998
2 82708 102.1494  95.1930 0060913 345.7545  14.1826 12.88421696427548
UNKNOWN                 
1 82729U          23326.74841924 -.00000026  00000+0  53146-4 0  9994
2 82729  67.9643   2.9849 0835688 164.7985 197.9868 12.16811838443801
UNKNOWN                 
1 82737U          23338.68113537  .00046390  00000+0  39539-1 0  9991
2 82737 102.9238 294.3345 0309057 332.2618  26.2322 13.67231596445758
UNKNOWN                 
1 82739U          23336.45920535  .00005198  00000+0  45760-2 0  9995
2 82739  99.0294 152.1175 0178920 114.6883 279.5958 13.78672172503810
UNKNOWN                 
1 82741U          23339.38843509  .00002904  00000+0  34500-2 0  9990
2 82741 102.8593 130.4093 0205828 113.9640 248.3188 13.60184426496470
UNKNOWN                 
1 82783U          23339.07039607  .00000248  00000+0  71467-3 0  9991
2 82783  90.3153  15.6900 0020745 301.0666  58.8424 13.07812836407766
UNKNOWN                 
1 82785U          23338.42602119  .00049320  00000+0  41595-2 0  9997
2 82785  63.1092 271.5136 0306374  77.1543 286.3580 14.67975036524458
UNKNOWN                 
1 82798U          23321.61027956  .00001999  00000+0  98285-3 0  9993
2 82798  82.9524  74.9243 0032316 281.2714 136.8680 14.16969042205051
UNKNOWN                 
1 82820U          23339.11852477  .00003423  00000+0  14578-2 0  9993
2 82820  99.7805  38.8708 0056343 306.6477  52.9526 14.25085304520062
UNKNOWN                 
1 82829U          23339.50064924  .00000075  00000+0  32487-2 0  9996
2 82829  65.0949 163.5787 0165327 140.7080 248.4176 11.29022276402735
UNKNOWN                 
1 82854U          23338.56509753  .00002244  00000+0  18954-2 0  9996
2 82854  82.6903 282.2683 0128741 209.9484 149.4270 13.83619191977784
UNKNOWN                 
1 82873U          23336.19139151  .00019293  00000+0  97424-2 0  9996
2 82873 100.0069 122.2872 0045183 173.2395 186.9394 14.15694516515969
UNKNOWN                 
1 82875U          23331.20845720  .00001907  00000+0  52081-3 0  9995
2 82875  98.6195 326.1172 0387435 262.4037  93.2979 14.12362095438980
UNKNOWN                 
1 82893U          23339.20367854  .00005637  00000+0  29597-2 0  9999
2 82893  98.9652  70.6640 0029086   5.5149 354.6338 14.14307853318957
UNKNOWN                 
1 82912U          23324.63672618  .00003358  00000+0  14474-2 0  9995
2 82912  65.8318  97.6095 0814375 252.4777  98.5740 13.19037722479652
UNKNOWN                 
1 82939U          23324.11735141 -.00001734  00000+0 -25734+0 0  9994
2 82939  86.6348 207.7658 1462602 185.9183 172.2525  8.72782124    15
UNKNOWN                 
1 82959U          23334.12210724  .00002097  00000+0  11684-2 0  9996
2 82959 100.0602  38.9190 0052747 126.5659 234.0380 14.11576773438819
UNKNOWN                 
1 82961U          23328.97524882  .00014195  00000+0  25371-1 0  9997
2 82961  99.9038 161.5681 0504047 299.4349  55.7352 13.01550518457488
UNKNOWN                 
1 82965U 70025    23332.97552039  .00001783  00000+0  25544-2 0  9997
2 82965 100.1642  17.3543 0002281 172.1565 187.9608 13.57485015423309
UNKNOWN                 
1 83903U          23339.32293228 -.00000265  00000+0  00000+0 0  9996
2 83903   7.9951 297.6874 0128056 228.6494 324.1694  0.99113885 36345
UNKNOWN                 
1 83934U          23339.61456340  .00000031  00000+0  00000+0 0  9998
2 83934   7.4447 303.4004 0228344 251.5276 279.1545  1.02661092 37707
UNKNOWN                 
1 83975U          23321.96759515 -.00000154  00000+0  00000+0 0  9999
2 83975  19.3205 303.3367 7013251 254.2799  23.9531  2.15315352 66075
UNKNOWN                 
1 84006U          23336.13675632 -.00000090  00000+0  00000+0 0  9996
2 84006  23.7158 321.5074 6131112 169.4670 214.1688  2.16230052 68180
UNKNOWN                 
1 84159U          23339.32155295  .00009215  00000+0  47671-1 0  9991
2 84159  65.7439 350.7307 5923399 225.2821  79.2281  3.88971634  1683
UNKNOWN                 
1 84170U 12008    23320.69749886  .00029351  00000+0  97886-2 0  9997
2 84170  21.2872 326.9940 6897831 286.6786  12.3788  2.76411501 73592
UNKNOWN                 
1 84188U          23339.40358880  .00002429  00000+0  78267-2 0  9993
2 84188  64.9565  43.3111 4513503  82.0878 325.2557  6.02538538193836
UNKNOWN                 
1 84232U 79104    23339.48406165  .00009015  00000+0  10931-1 0  9993
2 84232  20.4751 318.7369 6763925  53.5637 351.4764  2.88571405 82127
UNKNOWN                 
1 84236U          23337.99897881  .00000546  00000+0  29724-2 0  9990
2 84236   9.3694 315.8183 6925637 149.2582 281.7948  2.60227893183341
UNKNOWN                 
1 84292U          23337.49961777  .00012108  00000+0  37459-2 0  9994
2 84292  23.8844  95.2832 4699328 275.2475  34.7868  6.06024043182471
UNKNOWN                 
1 84346U          23332.82278535  .00008126  00000+0  19615-2 0  9998
2 84346  20.6547 224.5307 6773238 117.3365 325.3163  2.94003505 64962
UNKNOWN                 
1 84406U          23324.15118201  .00000583  00000+0  33314-2 0  9996
2 84406 101.6912  89.3813 0040885  93.3927  81.8101 12.65989196953893
UNKNOWN                 
1 84407U          23339.26295829  .00000066  00000+0  20548-1 0  9997
2 84407  18.5939 184.0297 7194840  18.0267 358.0957  2.05766021 60662
UNKNOWN                 
1 84434U          23337.79593209  .00001001  00000+0  26881-2 0  9993
2 84434  19.9961 249.9562 7121509 248.2761  26.3168  2.39429509 68522
UNKNOWN                 
1 84452U          23339.43221946  .00006782  00000+0  10018-2 0  9998
2 84452   2.8858 359.8394 6123749 133.1145 297.4958  3.87281141126263
UNKNOWN                 
1 84480U          23338.00867896  .00006496  00000+0  32702-2 0  9997
2 84480  45.8984 236.3509 4465735 146.6438 251.8687  6.39571701211693
UNKNOWN                 
1 84565U          23339.40750112  .00000627  00000+0  19651-2 0  9996
2 84565   2.4354 322.3424 7183647 184.6690 160.6132  2.31313934 46758
UNKNOWN                 
1 84588U          23339.27589056  .00017597  00000+0  44170-2 0  9991
2 84588   2.2172  98.6886 6977765 171.4285 213.8183  2.66910420 88179
UNKNOWN                 
1 84840U          23340.14187778 -.00000841  00000+0  00000+0 0  9991
2 84840  15.1727  10.2883 8180224 273.2337 359.1808  0.46181953  2770
UNKNOWN                 
1 84911U          23339.18156417 -.00000314  00000+0 -47874-2 0  9997
2 84911   1.9012  40.8520 6553634  99.2916 329.9952  2.95977486108673
UNKNOWN                 
1 84932U          23339.57860519  .00001029  00000+0  75553-2 0  9995
2 84932   2.2979 281.8518 6587509 344.8183  99.6733  2.99379964109646
UNKNOWN                 
1 84950U          23337.46431810 -.00000426  00000+0  00000+0 0  9992
2 84950   2.1097 280.4317 6947633 115.1812  14.6406  2.04176993 74866
UNKNOWN                 
1 84961U          23338.87836829 -.00000027  00000+0  00000+0 0  9996
2 84961   7.2554 290.5072 0139943 252.4884 106.0427  0.98624848 36165
UNKNOWN                 
1 85004U          23337.41955036  .00002231  00000+0  74713-3 0  9990
2 85004  98.3323 314.2710 0048670 224.1503 288.7537 14.37610937525549
UNKNOWN                 
1 85010U          23337.91074174  .00001727  00000+0  19277-2 0  9999
2 85010  99.3082 210.5842 0027824  29.8816  42.7498 13.72505694502335
UNKNOWN                 
1 85015U          23336.78413971  .00000983  00000+0  20812-3 0  9991
2 85015  74.0499  14.3164 0013346 112.8836 247.3741 14.60588623534361
UNKNOWN                 
1 85023U          23339.62642196  .00008873  00000+0  31472-2 0  9998
2 85023  99.8540 217.4218 0006969 340.8736  47.8799 14.34724781521723
UNKNOWN                 
1 85027U          23338.84006607  .00000484  00000+0  53445-3 0  9991
2 85027  66.0406 110.0921 0182968 223.0444 135.6188 13.73666299503106
UNKNOWN                 
1 85047U          23338.95543305  .00011012  00000+0  24855-1 0  9996
2 85047 102.1936 152.5789 0173055 203.7405 155.5648 13.21443819478264
UNKNOWN                 
1 85061U          23333.28374185  .00003225  00000+0  14689-1 0  9992
2 85061 102.5845 237.0728 0260074 191.2530 297.7848 12.68646639461058
UNKNOWN                 
1 85100U          23338.82113604  .00000738  00000+0  24499-3 0  9996
2 85100  74.0440 147.6077 0012912 204.4953 219.5382 14.39507806526971
UNKNOWN                 
1 85106U          23338.13456056  .00000865  00000+0  10157-2 0  9993
2 85106 100.1023  31.5953 0010349  97.1646 290.3390 13.71433482501632
UNKNOWN                 
1 85151U 86019    23338.53146187  .00009827  00000+0  26728-2 0  9990
2 85151  98.4562 177.1362 0015534 274.7264  85.2155 14.47605504371545
UNKNOWN                 
1 85159U          23335.19649416  .00016083  00000+0  67140-2 0  9991
2 85159  98.8307 243.9040 0064475 195.4663 164.4547 14.25109297393812
UNKNOWN                 
1 85205U          23337.77633281  .00000310  00000+0  29902-3 0  9993
2 85205  82.9539 144.5457 0036434 196.8070 225.0914 13.76671850504555
UNKNOWN                 
1 85210U 75052    23338.57143700  .00000928  00000+0  94505-3 0  9995
2 85210  99.8020  92.0969 0219401  48.1447  16.9413 13.69415886500905
UNKNOWN                 
1 85217U          23338.32924155  .00005648  00000+0  16725-2 0  9998
2 85217  97.9774 115.7621 0230212 190.6628 168.9629 14.29462325521921
UNKNOWN                 
1 85220U          23338.95113287  .00042060  00000+0  79045-2 0  9990
2 85220  99.3928 233.6111 0127652 308.1353  50.8392 14.59332243525377
UNKNOWN                 
1 85237U          23338.41538257  .00009285  00000+0  21111-2 0  9990
2 85237  65.5417 334.6403 0573112   0.3217 359.8107 13.87042763505284
UNKNOWN                 
1 85238U          23335.11852153  .00000154  00000+0  16207-3 0  9996
2 85238  98.9901 277.3483 0064366  51.1497  18.8179 13.88095158507802
UNKNOWN                 
1 85246U          23336.12303486  .00004949  00000+0  18753-2 0  9990
2 85246  98.0574  37.8703 0232587 323.7009  34.8579 14.17729310517845
UNKNOWN                 
1 85370U          23322.67362361  .00001194  00000+0  10908-2 0  9993
2 85370 100.0053 120.8141 0010802 212.9482 209.1479 13.85457169504437
UNKNOWN                 
1 85373U          23339.04482848  .00001451  00000+0  11318-2 0  9990
2 85373 100.3935 266.6475 0054137  10.7595  53.4622 13.93625930508985
UNKNOWN                 
1 85383U          23338.78702836  .00017331  00000+0  35558-2 0  9999
2 85383  98.6552  92.5324 0080725  60.9941 299.9316 14.58678149478821
UNKNOWN                 
1 85386U          23336.61395927  .00022847  00000+0  39753-2 0  9990
2 85386  98.6614 108.4244 0080508 344.2296  78.6651 14.65962038529250
UNKNOWN                 
1 87014U          23337.73310076  .00003528  00000+0  59288-2 0  9996
2 87014 100.5400 251.2577 0048394 229.5625 159.3970 13.46152446491138
UNKNOWN                 
1 87029U 99025    23337.58421676  .00002167  00000+0  14115-2 0  9997
2 87029  98.8297  26.5390 0084792 159.3193 201.1438 14.01685938489204
UNKNOWN                 
1 87042U 00055    23339.62060845  .00000951  00000+0  61281-3 0  9997
2 87042  98.8006  36.1224 0044049  11.6304 348.5871 14.04946173450237
UNKNOWN                 
1 87051U 76126    23338.26953997  .00002779  00000+0  10218-2 0  9990
2 87051  65.7307 208.8891 0738415 114.3965 253.5935 13.39490763489293
UNKNOWN                 
1 87054U 75052    23337.85863507  .00004418  00000+0  28369-2 0  9999
2 87054 100.0968 118.9389 0015497 181.2035 178.9093 14.03739209512222
UNKNOWN                 
1 87065U 99025    23335.34794014  .00004636  00000+0  55248-2 0  9993
2 87065  98.7142 288.8026 0335975  48.5734 314.3757 13.46273236416611
UNKNOWN                 
1 87071U 68097    23338.43264579  .00004322  00000+0  17549-2 0  9990
2 87071  61.2275 286.6959 0528617 240.2651 114.4782 13.72542076500517
UNKNOWN                 
1 87074U 77121    23338.19431635  .00000478  00000+0  57443-3 0  9999
2 87074  66.1424 252.3665 0154200 313.1228  45.7021 13.70685018501792
UNKNOWN                 
1 87113U 76126    23338.89274514  .00030798  00000+0  36670-2 0  9991
2 87113  65.6562 143.1041 0301448 239.3078 195.5703 14.56810376525393
UNKNOWN                 
1 87129U 76077    23339.16918165  .00000254  00000+0  21781-2 0  9992
2 87129 102.2902  50.0378 0027475   1.6509 358.4641 12.42353009454939
UNKNOWN                 
1 87159U          23327.48053664  .00001449  00000+0  17664-2 0  9996
2 87159  90.3292  43.2140 0114667 319.7682  39.5030 13.62876224454376
UNKNOWN                 
1 87163U 76126    23339.15359606  .00006553  00000+0  20393-2 0  9999
2 87163  65.6021 246.7380 0683122  27.7589 335.8226 13.55326239477092
UNKNOWN                 
1 87164U          23325.30213082  .00003762  00000+0  97680-3 0  9990
2 87164  65.2071 331.8688 0132008   6.4983 353.7782 14.45879288526509
UNKNOWN                 
1 87203U          23336.77542487  .00097268  00000+0  87581-2 0  9993
2 87203  98.8890 323.5249 0037318  50.1537 310.2953 14.94586356445035
UNKNOWN                 
1 87204U          23339.10474904  .00002742  00000+0  12058-2 0  9992
2 87204  98.6060 203.9952 0049920 325.6810  34.1147 14.23642601520120
UNKNOWN                 
1 87211U          23332.70554723  .00005450  00000+0  18423-2 0  9998
2 87211  99.0284 276.5693 0062230 198.8277 280.7054 14.36198267600432
UNKNOWN                 
1 87214U 70025    23338.56843902  .00000636  00000+0  64158-3 0  9993
2 87214 100.3031 257.3203 0082594 349.8364  10.1113 13.80380742498126
UNKNOWN                 
1 87235U          23338.26023750  .00008596  00000+0  28356-2 0  9992
2 87235  99.0019 147.7356 0139903 198.4783 161.1290 14.32901481479792
UNKNOWN                 
1 87237U 99025    23337.60164118  .00000754  00000+0  61190-3 0  9992
2 87237  99.3520  20.5179 0105330 120.8475  31.2649 13.90668120508846
UNKNOWN                 
1 87239U 81053    23336.75194439  .00009551  00000+0  35018-2 0  9993
2 87239  82.8831 341.7661 0029064 182.5918 177.5124 14.32481450521089
UNKNOWN                 
1 87245U 71015    23337.64893729  .00006391  00000+0  15250-2 0  9999
2 87245  65.6617 204.2832 0485222 120.7768 278.4102 14.01022104509962
UNKNOWN                 
1 87271U 71015    23339.13547113  .00004273  00000+0  97176-3 0  9992
2 87271  65.7732  28.9261 0505402  91.1960 274.7041 13.99709214508156
UNKNOWN                 
1 87280U          23339.18667499  .00000525  00000+0  96655-3 0  9990
2 87280  64.6168 260.3651 0091398  69.9818 291.1032 13.47599013434294
UNKNOWN                 
1 87293U 71015    23339.26800436  .00009888  00000+0  23209-2 0  9992
2 87293  65.9092 281.8731 0485540  37.1587 326.2076 14.01330438509905
UNKNOWN                 
1 87300U 70025    23337.55526830  .00002555  00000+0  19262-2 0  9992
2 87300 100.0507 239.5673 0030879  97.4563 263.0105 13.95055048509741
UNKNOWN                 
1 87304U          23317.38787681  .00002129  00000+0  35577-3 0  9999
2 87304  74.0217   3.6897 0019210 171.1200 189.0315 14.70432920534521
UNKNOWN                 
1 87320U 71015    23338.57965251  .00002168  00000+0  14387-2 0  9994
2 87320  66.5978  40.0811 0438509 164.8397 196.6314 13.64770507492672
UNKNOWN                 
1 87334U          23339.30108002  .00015271  00000+0  15573-1 0  9996
2 87334  90.0009 271.1761 0092133   7.3840 352.8656 13.74679071284385
UNKNOWN                 
1 87335U          23339.26295337  .00016717  00000+0  17110-1 0  9995
2 87335  89.9879 268.6745 0105578 343.8063  15.9735 13.73888881284413
UNKNOWN                 
1 87405U 81053    23337.58179860  .00003780  00000+0  29495-2 0  9991
2 87405  82.7531 281.3616 0050572 296.3426  63.2550 13.91430314508047
UNKNOWN                 
1 87416U 81053    23336.08378231  .00035414  00000+0  12514-1 0  9992
2 87416  82.8354 259.4979 0013695 262.6178  97.3455 14.34399128502665
UNKNOWN                 
1 87426U          23333.00175064  .00005479  00000+0  26187-2 0  9994
2 87426  65.7862 175.5203 0074349 320.6137 189.4373 14.18432120516536
UNKNOWN                 
1 87433U          23339.35581584  .00002864  00000+0  54165-2 0  9996
2 87433 100.1621 122.9209 0051736 241.7715 117.8182 13.38616782333778
UNKNOWN                 
1 87448U 70025    23339.26694083  .00001885  00000+0  16478-2 0  9992
2 87448 100.4291  86.8593 0066039 308.3868  51.1364 13.86311448506740
UNKNOWN                 
1 87456U 76126    23336.15435772  .00033824  00000+0  57842-2 0  9990
2 87456  65.7954 232.6230 0577547  23.4186 339.2089 13.95989881507327
UNKNOWN                 
1 87517U 76126    23335.10165602  .00005292  00000+0  15724-2 0  9995
2 87517  65.8298 227.9690 0715578 302.6110 120.3920 13.51202189492182
UNKNOWN                 
1 87541U 70025    23336.89361321  .00000304  00000+0  67900-3 0  9990
2 87541  99.7955 213.8061 0059511 252.3400 170.3565 13.35192640483151
UNKNOWN                 
1 87553U 76126    23339.37665861  .00001934  00000+0  64649-3 0  9990
2 87553  65.6720 332.2542 0726305 196.1626 161.5110 13.46017896491588
UNKNOWN                 
1 87557U 73086    23328.11574342  .00006062  00000+0  15271-1 0  9991
2 87557 101.8479  80.1928 0083973 224.7051 134.7267 13.18405814465889
UNKNOWN                 
1 87561U 76077    23337.66547600  .00000038  00000+0  64955-3 0  9998
2 87561 102.1048  41.9318 0176490 206.5940 308.8737 12.32135636451282
UNKNOWN                 
1 87565U 99025    23319.54380720  .00001976  00000+0  11505-2 0  9999
2 87565  99.8842 231.5540 0181736  59.4809 302.4155 14.01950498510034
UNKNOWN                 
1 87569U 99025    23339.36400082 -.00000007  00000+0  21138-3 0  9998
2 87569 101.9057 119.5828 0055618 264.2638 123.5510 12.68501750464848
UNKNOWN                 
1 87587U 93036    23326.91095281  .00000397  00000+0  13613-3 0  9992
2 87587  74.0268  50.4776 0021921 269.1406  90.7236 14.39272188525752
UNKNOWN                 
1 87590U 99025    23324.33848674  .00000709  00000+0  43727-3 0  9992
2 87590  98.8786   4.8505 0026635 247.4501 171.5073 14.08550320 48110
UNKNOWN                 
1 87616U 76067    23335.52261128  .00001066  00000+0  37955-2 0  9990
2 87616  66.0347 166.7605 0634734  94.8710 299.2928 12.45669618443744
UNKNOWN                 
1 87624U 99025    23339.65589381  .00005382  00000+0  10862-2 0  9993
2 87624  98.6926 227.7359 0122001  13.3178 347.1192 14.57239943472325
UNKNOWN                 
1 87650U          23333.23704740  .00010781  00000+0  34048-2 0  9994
2 87650 100.2875 336.6589 0045898 259.3448 100.2563 14.39840522 80069
UNKNOWN                 
1 87664U 75052    23330.33860338  .00000762  00000+0  21739-2 0  9993
2 87664  99.7698 270.4823 0210322 239.4098 275.5788 13.06699399443741
UNKNOWN                 
1 87672U 93016    23334.88021557  .00003222  00000+0  14615-2 0  9997
2 87672  70.8588 163.6097 0064341 322.5270  37.1378 14.21545313518641
UNKNOWN                 
1 87681U          23334.21320299  .00002303  00000+0  25208-2 0  9999
2 87681  66.7390  56.3173 0163450 292.5965  65.7881 13.68567113499991
UNKNOWN                 
1 87690U 76126    23338.73893547  .00004257  00000+0  72987-3 0  9990
2 87690  65.7975  94.5036 0636080  59.7638 306.4838 13.85900498504412
UNKNOWN                 
1 87706U          23339.37805995  .00002978  00000+0  65979-3 0  9998
2 87706  98.6158 120.9536 0125385  18.6115   9.0384 14.53184275470857
UNKNOWN                 
1 87725U 81053    23338.27979088  .00010362  00000+0  27894-2 0  9998
2 87725  82.8922 179.3138 0028794 302.2529  57.5877 14.47666538525457
UNKNOWN                 
1 87730U          23335.54461173  .00000180  00000+0  17432-3 0  9990
2 87730  82.9464  63.1953 0028613 272.0346  87.7533 13.74303417483383
UNKNOWN                 
1 87737U 99025    23339.10666921  .00000086  00000+0  13580-3 0  9991
2 87737  99.4815 211.9218 0132984 311.9603  47.0274 13.72136738502556
UNKNOWN                 
1 87764U 76126    23336.52654946  .00019793  00000+0  40776-2 0  9996
2 87764  65.6783  11.0304 0433438  89.7434  56.3873 14.14983510513522
UNKNOWN                 
1 87771U 75052    23334.71089189  .00000197  00000+0  59190-3 0  9990
2 87771 100.7352 143.5411 0119902 245.7636 113.0911 13.19221852437109
UNKNOWN                 
1 87782U 73086    23338.30847093  .00003678  00000+0  13267-1 0  9992
2 87782 102.3728 106.0886 0066274 265.2948  94.0574 12.94502483472085
UNKNOWN                 
1 87843U 70025    23338.41662177  .00002129  00000+0  51611-2 0  9996
2 87843  99.6774 145.0581 0248556 291.5217  65.9568 13.12473433467024
UNKNOWN                 
1 87845U          23338.54393534  .00002384  00000+0  46374-2 0  9999
2 87845  98.8767  71.9340 0582849 152.1799 211.1802 12.86208627470089
UNKNOWN                 
1 87878U          23338.40801566  .00003950  00000+0  14690-2 0  9995
2 87878  99.1722  40.9543 0040166 263.7139  95.9467 14.32262498505150
UNKNOWN                 
1 87883U 99025    23338.55286296  .00002525  00000+0  90434-3 0  9997
2 87883  99.1943 256.1714 0291985 293.1514  63.9142 14.13880266467849
UNKNOWN                 
1 87884U 99025    23338.28961869  .00000389  00000+0  24040-3 0  9990
2 87884  98.6765  99.7410 0155622 349.3641  10.4248 14.04971291514499
UNKNOWN                 
1 87898U 99025    23338.63581680  .00016854  00000+0  48549-2 0  9996
2 87898  98.8927 227.9212 0113113 258.4425 100.4046 14.41081580522129
UNKNOWN                 
1 87934U          23335.17431921  .00000158  00000+0  15498-3 0  9998
2 87934  82.9349 128.4227 0029797 301.5251 182.0107 13.72917292502419
UNKNOWN                 
1 87942U          23337.11110236  .00023560  00000+0  15477-2 0  9994
2 87942  99.0613  35.6253 0100793 325.2872  34.1798 15.03480993535820
UNKNOWN                 
1 87991U 77065    23338.60789441  .00000328  00000+0  58221-3 0  9990
2 87991  28.6169 117.1650 0903749  46.2849 320.9052 12.31165876431687
UNKNOWN                 
1 89003U          23325.32833204  .00000333  00000+0  12532-3 0  9994
2 89003  74.0457 314.3154 0016363 203.2175 156.8240 14.35202644523567
UNKNOWN                 
1 89005U          23338.12442852  .00002900  00000+0  74263-3 0  9994
2 89005  97.9136 212.6694 0211919 133.8187 228.0743 14.38427337427497
UNKNOWN                 
1 89029U          23334.09491733  .00007050  00000+0  86507-3 0  9999
2 89029  98.1331 206.7864 0026875 237.6506 122.2105 14.83165879540447
UNKNOWN                 
1 89037U          23318.24557276  .00004046  00000+0  21998-2 0  9996
2 89037  98.4597 248.7609 0130265 161.9563 198.6296 14.08544247415364
UNKNOWN                 
1 89067U          23339.13008141  .00032590  00000+0  76743-3 0  9996
2 89067  80.9779  30.4638 0445423  59.9928 304.4700 14.78088725475475
UNKNOWN                 
1 89101U          23334.66144825 -.00000116  00000+0 -21556-3 0  9991
2 89101 100.3775 286.9187 0147875 326.3754  32.8036 13.03767795458004
UNKNOWN                 
1 89123U          23338.30540114  .00011524  00000+0  45423-2 0  9992
2 89123  99.0752 100.5272 0059476 203.0205 156.8308 14.28306915422173
UNKNOWN                 
1 89132U          23335.54113753  .00001888  00000+0  19690-2 0  9999
2 89132  63.4470 187.8633 3012928 320.4095  21.0889  8.78768529259568
UNKNOWN                 
1 89142U          23339.45400539  .00145002  00000+0  70639-1 0  9991
2 89142  64.7087 105.0384 1825094  10.8836 352.6568 11.19739706 52055
UNKNOWN                 
1 89146U          23338.26313680  .00003325  00000+0  76311-3 0  9999
2 89146  98.2156 263.7202 0110342 191.2799 168.5922 14.52484124521132
UNKNOWN                 
1 89161U          23339.49631307  .00011188  00000+0  12473-2 0  9995
2 89161  97.7014 348.7407 0112439  46.8711 314.1839 14.82656390437620
UNKNOWN                 
1 89172U 81053    23339.53850771  .00008079  00000+0  17695-2 0  9993
2 89172  82.0744 180.5374 0381645 348.5202  10.7445 14.20921342496113
UNKNOWN                 
1 89177U          23324.70735752  .00000119  00000+0  11128-3 0  9998
2 89177  82.9187 107.3655 0033533  78.0605 282.4306 13.73524837959583
UNKNOWN                 
1 89183U          23335.58983589  .00001408  00000+0  13060-2 0  9994
2 89183  99.2201 253.3296 0132984 329.7465  29.6057 13.80095524504541
UNKNOWN                 
1 89184U          23336.80459707  .00014575  00000+0  38826-2 0  9997
2 89184  98.4442 175.4385 0018334 278.2317  81.6797 14.48469289383833
UNKNOWN                 
1 89195U          23334.16679489  .00008347  00000+0  32798-2 0  9999
2 89195  98.7432  46.7712 0031257 237.7920 122.0230 14.29258171421380
UNKNOWN                 
1 89206U          23338.54013052  .00008078  00000+0  29109-2 0  9999
2 89206  98.6691   7.3270 0027762 165.7259 194.4715 14.33706930380349
UNKNOWN                 
1 89213U          23338.55462990  .00001421  00000+0  95446-3 0  9990
2 89213  98.8598 236.8303 0232018 350.7824   8.9112 13.90043643349912
UNKNOWN                 
1 89218U          23328.43768164 -.00000548  00000+0 -44606-3 0  9996
2 89218 100.3657 198.9091 0098426 152.6334 208.0048 13.81857740489997
UNKNOWN                 
1 89251U          23339.68432333  .00016282  00000+0  10436-1 0  9990
2 89251  62.5018 219.5822 3009562  34.1586 342.0586  8.90415662306132
UNKNOWN                 
1 89255U          23337.42291022  .00001819  00000+0  23693-2 0  9992
2 89255  98.6371 194.0925 0357756 179.1927 180.9858 13.39334474396002
UNKNOWN                 
1 89261U          23337.01309334  .00001533  00000+0  49489-3 0  9995
2 89261  98.1569 354.0049 0012364 242.5147 117.4786 14.40434448427072
UNKNOWN                 
1 89281U          23334.76861204  .00045412  00000+0  77964-2 0  9997
2 89281  99.3311 165.5363 0011903 234.7522 187.8791 14.68434117527266
UNKNOWN                 
1 89304U          23339.25863868 -.00002977  00000+0 -12411-1 0  9996
2 89304  84.6878 285.9042 2704741 189.8031 335.5909  8.90769889372327
UNKNOWN                 
1 89314U          23339.62710758  .00001880  00000+0  50764-2 0  9991
2 89314  18.9362 146.5518 7054692  23.4465 357.0860  2.47837610 70074
UNKNOWN                 
1 89327U          23321.43185311  .00002053  00000+0  16848-2 0  9994
2 89327  82.5577 225.9832 0012967  62.6561 297.5920 13.88907708369606
UNKNOWN                 
1 89349U          23336.78423714  .00000328  00000+0  11296-2 0  9999
2 89349  90.2470 350.6970 0032111  53.4435 306.9633 12.95814101382778
UNKNOWN                 
1 89379U          23338.84720455  .00006174  00000+0  91992-2 0  9999
2 89379 100.5088 293.9762 0040249 130.0155 230.4522 13.53518213480464
UNKNOWN                 
1 89389U          23322.17537432  .00026315  00000+0  20369-2 0  9999
2 89389  74.0396 122.1004 0047054   2.3896 357.7506 15.00470491431446
UNKNOWN                 
1 89391U          23339.31359825  .00057071  00000+0  20090-2 0  9998
2 89391  97.4950 110.9318 0093482 355.9519   4.0951 15.24986435316952
UNKNOWN                 
1 89395U          23319.97282806 -.00000286  00000+0 -27651-2 0  9994
2 89395 102.2960 322.2005 0225803 336.1498  49.2855 12.01290957433744
UNKNOWN                 
1 89403U          23336.49779257  .00000259  00000+0  86265-3 0  9996
2 89403  90.2474 349.0906 0026082  21.2924 136.3267 12.97694548381657
UNKNOWN                 
1 89460U          23339.34464082  .00001842  00000+0  35877-2 0  9994
2 89460 100.2561 127.6295 0057624 253.1092 106.3709 13.37183499334455
UNKNOWN                 
1 89483U          23336.17286228  .00080311  00000+0  55852-2 0  9994
2 89483  99.4749 114.5539 0180727 153.0828 207.9904 14.92844898388452
UNKNOWN                 
1 89484U          23339.37906452  .00006501  00000+0  18070-1 0  9997
2 89484  84.7145 345.2467 2772912 242.2450  87.0930  8.92776371289044
UNKNOWN                 
1 89490U          23339.32612472  .00012866  00000+0  46353-2 0  9992
2 89490  98.4179 288.3692 0101801 243.2752 115.7984 14.30925112375057
UNKNOWN                 
1 89492U          23328.67231640  .00003977  00000+0  28118-2 0  9996
2 89492  82.5284 307.5334 0027050 330.6382  29.3264 13.97446918462704
UNKNOWN                 
1 89493U          23334.08341443  .00004421  00000+0  24617-2 0  9997
2 89493  99.0795  23.6790 0087893 336.3380  23.3758 14.09564931358929
UNKNOWN                 
1 89494U          23339.07893350  .00003186  00000+0  17799-2 0  9991
2 89494  99.0814  28.6790 0089040 321.9024  37.5872 14.09571691359485
