NOAA 15                 
1 25338U 98030A   24164.18683136  .00000395  00000+0  18145-3 0  9992
2 25338  98.5683 191.4182 0009862 346.3587  13.7326 14.26600919356722
NOAA 18                 
1 28654U 05018A   24164.18134784  .00000358  00000+0  21472-3 0  9996
2 28654  98.8743 241.1877 0015275  79.3027 280.9864 14.13229063982551
NOAA 19                 
1 33591U 09005A   24164.20281024  .00000317  00000+0  19437-3 0  9998
2 33591  99.0471 219.9493 0012893 308.9265  51.0756 14.13024837790920
METOP-B                 
1 38771U 12049A   24164.17574968  .00000270  00000+0  14302-3 0  9997
2 38771  98.6273 221.5117 0001716  79.3005 280.8366 14.21551393608833
SARAL                   
1 39086U 13009A   24164.19063613  .00000223  00000+0  98435-4 0  9994
2 39086  98.5511 349.3751 0001060 334.5368  25.5763 14.32427179590369
METOP-C                 
1 43689U 18087A   24164.14365343  .00000259  00000+0  13845-3 0  9999
2 43689  98.7235 223.4794 0003233 100.7756 259.3785 14.21488422290404
ANGELS                  
1 44876U 19092D   24164.10122209  .00008309  00000+0  31570-3 0  9992
2 44876  97.4751 352.6544 0009163 346.6299  13.4695 15.27028119248582
OTB-3-GAZELLE           
1 54023U 22127A   24164.26352461  .00000374  00000+0  12688-3 0  9995
2 54023  98.3426 158.6744 0012106 244.1031 115.8911 14.42110076 88411
EOS-6 (OCEANSAT-3)      
1 54361U 22158A   24164.24620420  .00000729  00000+0  21249-3 0  9992
2 54361  98.3525 261.3405 0001133 115.8292 244.3017 14.46995289 81557
