SAUDISAT 1C             
1 27607U 02058C   23339.73402854  .00002374  00000+0  34094-3 0  9998
2 27607  64.5551  98.7583 0048675 186.0050 174.0477 14.78028801127571
SAUDISAT 2              
1 28371U 04025F   23339.88980267  .00000637  00000+0  15806-3 0  9998
2 28371  98.4578 305.2926 0024047 255.5494 104.3034 14.55179928 31282
SAUDISAT 3              
1 31118U 07012B   23339.83819487  .00000658  00000+0  11807-3 0  9990
2 31118  98.0343 281.1380 0013654 290.9396  69.0349 14.69927386891883
PISAT                   
1 41784U 16059B   23339.84179049  .00001341  00000+0  25614-3 0  9996
2 41784  97.8534   5.6476 0029563 270.7371  89.0446 14.65215018384191
FLYING LAPTOP           
1 42831U 17042G   23339.88175629  .00002886  00000+0  27597-3 0  9994
2 42831  97.3814 167.2992 0013663  16.6765 343.4903 14.93892618348112
SALSAT                  
1 46495U 20068K   23339.83310322  .00006226  00000+0  38703-3 0  9995
2 46495  97.7914 290.0821 0012906 255.6820 104.2975 15.09954741174954
