TDRS 3                  
1 19548U 88091B   24163.88591153 -.00000302  00000+0  00000+0 0  9993
2 19548  13.1665 345.9634 0034758 342.6197 202.2265  1.00274028117994
FLTSATCOM 8 (USA 46)    
1 20253U 89077A   24163.95583484 -.00000369  00000+0  00000+0 0  9992
2 20253  12.6356 355.5895 0005537  73.8537 301.2243  1.00272519253237
SKYNET 4C               
1 20776U 90079A   24164.15231946  .00000124  00000+0  00000+0 0  9990
2 20776  13.5767 354.8356 0002103  74.9685 279.3983  1.00276497123577
TDRS 5                  
1 21639U 91054B   24163.97705676 -.00000304  00000+0  00000+0 0  9999
2 21639  14.1636 359.1497 0002399 237.1058 314.2441  1.00272019120331
TDRS 6                  
1 22314U 93003B   24163.96646554 -.00000298  00000+0  00000+0 0  9996
2 22314  14.1628   2.4532 0010603 151.6236  48.6616  1.00278548115009
UFO 2 (USA 95)          
1 22787U 93056A   24163.22099924  .00000121  00000+0  00000+0 0  9994
2 22787  11.6547   7.4072 0003826  66.2845 294.5864  1.00270724111286
USA 99 (MILSTAR-1 1)    
1 22988U 94009A   24164.14320147 -.00000201  00000+0  00000+0 0  9992
2 22988  16.5026  35.5089 0001947  31.4930 155.4741  1.00270889 24279
UFO 4 (USA 108)         
1 23467U 95003A   24163.86230154 -.00000024  00000+0  00000+0 0  9999
2 23467   9.7053  15.4959 0004271  90.2308 277.5413  1.00272623107579
AMSC 1                  
1 23553U 95019A   24163.62337854 -.00000097  00000+0  00000+0 0  9991
2 23553  12.6264  21.3994 0004892 327.2391  28.6933  1.00271987106798
TDRS 7                  
1 23613U 95035B   24164.02827300 -.00000205  00000+0  00000+0 0  9992
2 23613  13.6837 353.2693 0028686  69.5703 293.0533  1.00275101105789
USA 115 (MILSTAR-1 2)   
1 23712U 95060A   24164.12179634 -.00000022  00000+0  00000+0 0  9998
2 23712  13.7994   9.0679 0001599  38.0635 137.6093  1.00273081 24276
INMARSAT 3-F1           
1 23839U 96020A   24163.14493590 -.00000261  00000+0  00000+0 0  9991
2 23839   9.0543  52.9494 0006134  51.5591 140.9144  0.99986538102891
INMARSAT 3-F2           
1 24307U 96053A   24163.56740133 -.00000052  00000+0  00000+0 0  9990
2 24307   8.1756  61.0069 0008526  26.8787 190.6269  1.00004299101567
INMARSAT 3-F3           
1 24674U 96070A   24163.80029013  .00000062  00000+0  00000+0 0  9990
2 24674   8.7132  56.2661 0004787  38.1666 157.2419  0.99980640100542
GALAXY 25 (G-25)        
1 24812U 97026A   24163.99251029 -.00000249  00000+0  00000+0 0  9998
2 24812   5.5281  76.1694 0011886 349.5183 354.6802  0.99095812 98930
INTELSAT 5 (IS-5)       
1 24916U 97046A   24163.97618956 -.00000064  00000+0  00000+0 0  9994
2 24916   8.7914  55.5187 0002415  72.2780 290.5665  1.00271766 98248
AMC-3                   
1 24936U 97050A   24163.36993848 -.00000261  00000+0  00000+0 0  9999
2 24936   6.3345  72.2431 0002691 358.3620 250.7484  1.00271069 98071
USA 134                 
1 25019U 97065A   24164.17271693 -.00000064  00000+0  00000+0 0  9996
2 25019  11.9038  26.8872 0002815  16.0666 167.9403  1.00275655 24237
INMARSAT 3-F5           
1 25153U 98006B   24164.22528052 -.00000289  00000+0  00000+0 0  9990
2 25153   8.0354  60.1338 0004766  16.3194 211.6267  1.00268411 96526
ASTRA 2A                
1 25462U 98050A   24163.94225931  .00000070  00000+0  00000+0 0  9997
2 25462   5.2352  77.5287 0003226 356.2147 223.4134  1.00271101 94369
SKYNET 4E               
1 25639U 99009B   24163.85903554 -.00000036  00000+0  00000+0 0  9995
2 25639  11.6304  13.1068 0002365  74.7609 120.8291  1.00273733 92640
ABS-6                   
1 25924U 99053A   24164.17410444 -.00000116  00000+0  00000+0 0  9997
2 25924   0.0066 359.3499 0003093  75.2720  48.0342  1.00271119 90468
UFO 10 (USA 146)        
1 25967U 99063A   24163.01646692 -.00000191  00000+0  00000+0 0  9996
2 25967   9.4613  30.6750 0001759  93.4038 118.8193  1.00268858 89965
GALAXY 11 (G-11)        
1 26038U 99071A   24163.55999091 -.00000054  00000+0  00000+0 0  9996
2 26038   4.8419  79.3305 0000196 284.2736 264.6574  1.00272237 89704
USA 148                 
1 26052U 00001A   24163.46352913  .00000035  00000+0  00000+0 0  9991
2 26052  10.7024  37.7768 0000755 319.8646 249.7768  1.00274461 25581
ASIASTAR                
1 26107U 00016A   24164.14424189 -.00000332  00000+0  00000+0 0  9990
2 26107   7.3955  65.6075 0004268  12.4111 339.8491  1.00272791 88783
USA 149 (DSP 20)        
1 26356U 00024A   24163.75496689  .00000094  00000+0  00000+0 0  9999
2 26356  12.6141  16.8356 0001355  94.0343 256.1652  1.00283548 24234
TDRS 8                  
1 26388U 00034A   24163.39641134  .00000092  00000+0  00000+0 0  9990
2 26388  11.5341  37.3248 0001739 283.5015 274.3798  1.00269966 87807
INTELSAT 9 (IS-9)       
1 26451U 00043A   24163.05049525  .00000031  00000+0  00000+0 0  9993
2 26451   8.7750  55.7204 0002118  30.2600 195.7681  1.00379483 36767
NSS-11                  
1 26554U 00059A   24164.16854727  .00000029  00000+0  00000+0 0  9992
2 26554   0.2219  88.2233 0002881 350.7959  58.6324  1.00272138 86805
USA 153                 
1 26575U 00065A   24164.00952086 -.00000325  00000+0  00000+0 0  9992
2 26575  10.3467  41.0454 0001653   2.6786 354.8985  1.00274589 24240
AMC-6                   
1 26580U 00067A   24164.01716097  .00000108  00000+0  00000+0 0  9999
2 26580   0.0306  55.6152 0002781  41.4904  30.8929  1.00266445 86616
INTELSAT 1R (IS-1R)     
1 26608U 00072A   24163.44142059 -.00000140  00000+0  00000+0 0  9990
2 26608   6.2526  72.7867 0000136  84.2649  59.2195  1.00271506 33947
ANIK F1                 
1 26624U 00076A   24164.27866012 -.00000059  00000+0  00000+0 0  9995
2 26624   3.2924  83.7939 0009326   7.5235 160.9198  1.00271726 86355
USA 157 (MILSTAR-2 2)   
1 26715U 01009A   24164.17827405  .00000010  00000+0  00000+0 0  9991
2 26715  10.7421  23.8799 0002265  38.4199 138.7693  1.00278006 24271
INTELSAT 10 (IS-10)     
1 26766U 01019A   24164.13868748 -.00000359  00000+0  00000+0 0  9996
2 26766   7.3133  66.7007 0003089  22.0880 340.3353  1.00129290 84560
INTELSAT 901 (IS-901)   
1 26824U 01024A   24164.14980118 -.00000198  00000+0  00000+0 0  9995
2 26824   0.0303 104.1643 0000759 327.1273 216.1030  1.00272033 84211
ASTRA 2C                
1 26853U 01025A   24164.10639819  .00000066  00000+0  00000+0 0  9996
2 26853   6.3579  72.0946 0004887 342.7566 127.2046  0.99036119 84208
USA 159 (DSP 21)        
1 26880U 01033A   24163.03105109 -.00000301  00000+0  00000+0 0  9999
2 26880  12.0892  21.3391 0001437 285.1469 275.3727  1.00278172 25588
INTELSAT 902 (IS-902)   
1 26900U 01039A   24164.20724435 -.00000279  00000+0  00000+0 0  9991
2 26900   4.2496  80.7014 0004753  21.7534 183.0884  1.00273093 83407
USA 164 (MILSTAR-2 3)   
1 27168U 02001A   24163.85315748  .00000084  00000+0  00000+0 0  9994
2 27168  10.3081  25.8792 0099723 359.8867 198.1599  1.00275968 24273
INTELSAT 904 (IS-904)   
1 27380U 02007A   24163.16785285 -.00000214  00000+0  00000+0 0  9993
2 27380   5.0664  77.9104 0002816  13.5487 199.4542  1.00272470 44382
DIRECTV 5 (TEMPO 1)     
1 27426U 02023A   24164.19534079 -.00000053  00000+0  00000+0 0  9990
2 27426   2.9893  84.4982 0003559  10.7320 125.9697  1.00272024 80931
INTELSAT 905 (IS-905)   
1 27438U 02027A   24164.14074544 -.00000182  00000+0  00000+0 0  9991
2 27438   4.8942  78.5590 0002701 349.9476 218.6165  1.00272979 80597
GALAXY 3C (G-3C)        
1 27445U 02030A   24164.13799455 -.00000149  00000+0  00000+0 0  9990
2 27445   1.8319  86.8771 0003133  32.4529  96.4670  1.00271906 80587
INTELSAT 906 (IS-906)   
1 27513U 02041A   24164.22995726  .00000017  00000+0  00000+0 0  9990
2 27513   3.9249  81.9498 0003865 356.5287 329.4885  1.00271540 79605
TDRS 10                 
1 27566U 02055A   24164.26551887  .00000088  00000+0  00000+0 0  9991
2 27566   9.5545  45.4438 0005937 347.7940 152.3366  1.00276166 78855
NIMIQ 2                 
1 27632U 02062A   24163.45118941 -.00000068  00000+0  00000+0 0  9992
2 27632   7.7189  64.2820 0005302  17.3708 231.8513  1.00272014 36809
USA 167                 
1 27691U 03008A   24164.24762192  .00000051  00000+0  00000+0 0  9990
2 27691   9.4885  49.5438 0000214 314.7058 216.1265  1.00272718 24253
USA 169 (MILSTAR-2 4)   
1 27711U 03012A   24163.92132868 -.00000198  00000+0  00000+0 0  9996
2 27711  11.2235  35.4148 0099596   2.3237 346.7574  1.00270387 24273
ASIASAT 4               
1 27718U 03014A   24164.17495859 -.00000219  00000+0  00000+0 0  9999
2 27718   2.8155  85.0214 0002688 358.3814  28.1113  1.00270578 77554
HELLAS-SAT 2            
1 27811U 03020A   24164.05674706 -.00000081  00000+0  00000+0 0  9994
2 27811   5.5104  76.5577 0004540   5.5072 189.2150  1.00272051 76967
THURAYA-2               
1 27825U 03026A   24163.82618806  .00000126  00000+0  00000+0 0  9997
2 27825   7.7139  34.2313 0002585  24.7546 183.1056  1.00273602 76960
OPTUS C1                
1 27831U 03028B   24164.17661201 -.00000148  00000+0  00000+0 0  9997
2 27831   5.0349  78.2280 0005756 359.5723  42.4544  1.00273577 76950
GALAXY 23 (G-23)        
1 27854U 03034A   24164.25207442  .00000016  00000+0  00000+0 0  9994
2 27854   1.2938  89.1137 0002728 355.3122 146.4976  1.00271947 81175
USA 170                 
1 27875U 03040A   24156.92479902  .00000130  00000+0  00000+0 0  9998
2 27875   8.9094  54.5280 0007152  44.1529 152.1519  1.00348681 24185
GALAXY 13 (HORIZONS-1)  
1 27954U 03044A   24164.23661881  .00000136  00000+0  00000+0 0  9998
2 27954   0.0257  42.5508 0000910 339.6948 173.9441  1.00275034 75787
YAMAL 202               
1 28089U 03053A   24164.17809140 -.00000077  00000+0  00000+0 0  9998
2 28089   4.4773  79.8001 0004172  15.8957  32.8911  1.00272022 75314
UFO 11 (USA 174)        
1 28117U 03057A   24164.15535324 -.00000102  00000+0  00000+0 0  9991
2 28117   8.0593  36.7652 0003562  54.7647 300.7681  1.00271882 75055
USA 176 (DSP 22)        
1 28158U 04004A   24163.10847873 -.00000223  00000+0  00000+0 0  9992
2 28158  11.0546  31.0659 0000262 342.5611  12.7313  1.00272879 24233
ABS-4 (MOBISAT-1)       
1 28184U 04007A   24164.22934810  .00000044  00000+0  00000+0 0  9996
2 28184   4.1704  80.8925 0004596   7.2053 316.4639  1.00271712 74211
EUTELSAT 7A             
1 28187U 04008A   24163.97474378  .00000106  00000+0  00000+0 0  9998
2 28187   3.9547  80.6791 0002682   3.2904  28.5164  1.00273241 74202
AMC-11                  
1 28252U 04017A   24164.17271693 -.00000046  00000+0  00000+0 0  9993
2 28252   0.0173 349.8220 0000839  76.0130 146.2279  1.00271220 73339
INTELSAT 10-02          
1 28358U 04022A   24164.14544466 -.00000007  00000+0  00000+0 0  9991
2 28358   0.0176 358.0405 0000772  67.3497 246.9277  1.00271485 73251
ANIK F2                 
1 28378U 04027A   24164.12353681 -.00000046  00000+0  00000+0 0  9996
2 28378   1.3858  88.5911 0002511 355.8418 109.8569  1.00272238 72989
AMC-15                  
1 28446U 04041A   24164.19629806 -.00000085  00000+0  00000+0 0  9993
2 28446   0.0253 318.5634 0002126 110.3988 157.6686  1.00271725 71975
NSS-10                  
1 28526U 05003A   24164.20976802 -.00000248  00000+0  00000+0 0  9995
2 28526   4.6046  79.2548 0002813   1.2760 218.5435  1.00271433 70949
XTAR-EUR                
1 28542U 05005A   24163.43359941  .00000152  00000+0  00000+0 0  9991
2 28542   2.4354  85.8972 0002819 353.9460   5.5368  1.00271790 70809
XM-3 (RHYTHM)           
1 28626U 05008A   24163.98553457 -.00000202  00000+0  00000+0 0  9992
2 28626   0.0149 260.9702 0004428 326.0343 303.4108  1.00269870 70699
INMARSAT 4-F1           
1 28628U 05009A   24163.89481324  .00000034  00000+0  00000+0 0  9990
2 28628   4.2763  41.0029 0001650  53.3941 306.5604  1.00270512 70293
DIRECTV 8               
1 28659U 05019A   24164.17271693  .00000005  00000+0  00000+0 0  9991
2 28659   0.0123  46.5190 0002867  31.8927 125.7017  1.00271634 69817
GALAXY 28 (G-28)        
1 28702U 05022A   24164.19951787 -.00000182  00000+0  00000+0 0  9992
2 28702   1.3983  88.0170 0000723 192.9520 322.8710  1.00271711 69456
THAICOM 4               
1 28786U 05028A   24163.15778729 -.00000361  00000+0  00000+0 0  9997
2 28786   0.0181   6.2445 0001862  85.0317 345.0186  1.00272917 44863
GALAXY 14 (G-14)        
1 28790U 05030A   24164.15214541  .00000158  00000+0  00000+0 0  9996
2 28790   3.1189  83.8931 0001578 343.3643 281.3633  1.00271665 68939
ANIK F1R                
1 28868U 05036A   24164.05275743 -.00000071  00000+0  00000+0 0  9993
2 28868   2.4198  85.7036 0003567 359.1398  87.7253  1.00272696 68780
SYRACUSE 3A             
1 28885U 05041B   24164.15484311  .00000135  00000+0  00000+0 0  9992
2 28885   2.7620  84.9704 0002382 343.0794 294.8513  1.00270943 68379
INMARSAT 4-F2           
1 28899U 05044A   24164.00952086 -.00000259  00000+0  00000+0 0  9991
2 28899   4.1845  42.4312 0001844  45.0028 320.3019  1.00271031 68133
SPACEWAY 2              
1 28903U 05046B   24164.24273410  .00000106  00000+0  00000+0 0  9992
2 28903   3.6039  80.3535 0000132 301.4189 187.7656  1.00272336 68122
METEOSAT-9 (MSG-2)      
1 28912U 05049B   24162.90642785  .00000123  00000+0  00000+0 0  9990
2 28912   7.6734  60.9258 0001260 358.1379 212.7096  1.00275410 67668
EUTELSAT 174A           
1 28924U 05052A   24164.18026698  .00000013  00000+0  00000+0 0  9996
2 28924   2.3489  85.5700 0006194 353.8945  60.4102  1.00271817 67615
ECHOSTAR 10             
1 28935U 06003A   24164.12371083 -.00000052  00000+0  00000+0 0  9994
2 28935   0.0247 306.9300 0001548 118.4816 129.8485  1.00273074 67149
SPAINSAT                
1 28945U 06007A   24163.36060728 -.00000214  00000+0  00000+0 0  9995
2 28945   0.0287 235.8587 0003250 235.4402 248.7277  1.00272340 66834
EUTELSAT HOTBIRD 13E    
1 28946U 06007B   24164.21968859  .00000090  00000+0  00000+0 0  9994
2 28946   0.2059 111.2289 0004510 337.9192 263.7646  1.00269601 66927
JCSAT-5A                
1 29045U 06010A   24164.19077000 -.00000324  00000+0  00000+0 0  9996
2 29045   0.0138 288.3706 0000559  40.0610 133.2993  1.00272968 66577
ASTRA 1KR               
1 29055U 06012A   24163.79167490  .00000123  00000+0  00000+0 0  9993
2 29055   0.0322 294.7198 0001171 208.4131  61.6475  1.00274417 66376
EWS-G1 (GOES 13)        
1 29155U 06018A   24163.62433579  .00000031  00000+0  00000+0 0  9994
2 29155   2.6126  85.3534 0082305 255.1077  41.6803  0.99102204 66106
GALAXY 16 (G-16)        
1 29236U 06023A   24164.19751635 -.00000123  00000+0  00000+0 0  9992
2 29236   0.0355 116.1897 0002933 332.8876 144.0150  1.00270038 65898
EUTELSAT HOTBIRD 13B    
1 29270U 06032A   24163.50815469  .00000158  00000+0  00000+0 0  9997
2 29270   0.0456  42.6125 0004817  56.4563  17.3130  1.00275823 39933
JCSAT-3A                
1 29272U 06033A   24164.07480358 -.00000341  00000+0  00000+0 0  9993
2 29272   0.0119  46.5606 0001893  32.5059 336.7632  1.00271548 65398
SYRACUSE 3B             
1 29273U 06033B   24164.21612066 -.00000040  00000+0  00000+0 0  9999
2 29273   1.0107  89.5582 0003576 345.5009 258.5678  1.00272704 65384
KOREASAT 5 (MUGUNGWHA 5)
1 29349U 06034A   24164.13868748 -.00000354  00000+0  00000+0 0  9993
2 29349   0.0151 275.2522 0001129 216.0096 292.6731  1.00271357 65263
DIRECTV 9S              
1 29494U 06043A   24163.53065847 -.00000111  00000+0  00000+0 0  9997
2 29494   0.5168  89.5060 0002850 346.7271 273.9565  1.00272073 44000
OPTUS D1                
1 29495U 06043B   24164.17410444 -.00000179  00000+0  00000+0 0  9990
2 29495   1.1330  88.8601 0003577 352.2648  34.5685  1.00272255 64771
BADR-4                  
1 29526U 06051A   24164.22238630  .00000149  00000+0  00000+0 0  9991
2 29526   0.1085  73.4418 0002497 330.4728 323.4020  1.00271509 64522
WILDBLUE-1              
1 29643U 06054A   24164.19507972 -.00000045  00000+0  00000+0 0  9994
2 29643   0.9002  90.3284 0001540 352.3370 137.3823  1.00272154 64173
SKYNET 5A               
1 30794U 07007B   24164.14979885 -.00000268  00000+0  00000+0 0  9990
2 30794   3.4188  82.5673 0003604   1.7089 325.8269  1.00272993 63285
ANIK F3                 
1 31102U 07009A   24163.52011068  .00000001  00000+0  00000+0 0  9991
2 31102   0.0194  62.3539 0002070  10.0289 256.4821  1.00272933 39186
ASTRA 1L                
1 31306U 07016A   24164.00633073  .00000123  00000+0  00000+0 0  9990
2 31306   0.0539 324.4661 0001887  54.5909 263.2154  1.00274669 62662
GALAXY 17 (G-17)        
1 31307U 07016B   24164.20030108 -.00000202  00000+0  00000+0 0  9992
2 31307   1.1051  89.4219 0004085  11.6927 146.9879  1.00272227 62702
ZHONGXING-6B            
1 31800U 07031A   24164.13868748 -.00000357  00000+0  00000+0 0  9999
2 31800   0.5028  91.3625 0002405 338.7704 356.0183  1.00268682 62106
DIRECTV 10              
1 31862U 07032A   24164.05362765 -.00000100  00000+0  00000+0 0  9993
2 31862   0.0373 172.9057 0000422  49.9843 314.4964  1.00272502 62032
BSAT-3A                 
1 32019U 07036B   24164.09589095 -.00000346  00000+0  00000+0 0  9995
2 32019   0.0534 234.0892 0001254 302.8010 228.3889  1.00270510 61691
OPTUS D2                
1 32252U 07044A   24164.17410444 -.00000106  00000+0  00000+0 0  9997
2 32252   0.1699  92.6648 0003363 346.3767  44.6779  1.00271917 61076
INTELSAT 11 (IS-11)     
1 32253U 07044B   24164.20863671 -.00000265  00000+0  00000+0 0  9992
2 32253   1.6524  87.8454 0003130   2.4829 202.7839  1.00270498 61158
WGS F1 (USA 195)        
1 32258U 07046A   24164.06748273 -.00000260  00000+0  00000+0 0  9998
2 32258   0.0641  91.8630 0000809  81.1075  79.1883  0.99737272 60940
SKYNET 5B               
1 32294U 07056B   24164.15057900  .00000144  00000+0  00000+0 0  9999
2 32294   3.3746  82.1717 0003723 358.3059 259.7935  1.00270314 60823
ASTRA 4A                
1 32299U 07057A   24164.25484998  .00000037  00000+0  00000+0 0  9998
2 32299   0.0177  27.5528 0002539  42.9128 287.1627  1.00273665 60599
HORIZONS-2              
1 32388U 07063B   24164.20247664 -.00000249  00000+0  00000+0 0  9992
2 32388   0.6998  89.7085 0001797 352.9255 177.4694  1.00270365 60503
THURAYA-3               
1 32404U 08001A   24164.09362836 -.00000300  00000+0  00000+0 0  9998
2 32404   4.8470  32.4208 0002486  44.9527 315.7350  1.00271406 60166
THOR 5                  
1 32487U 08006A   24164.21707792 -.00000005  00000+0  00000+0 0  9994
2 32487   0.0214 264.0667 0002336 169.0196 265.3317  1.00270991 59808
AMC-14                  
1 32708U 08011A   24163.83729941  .00000065  00000+0  00000+0 0  9998
2 32708  23.0793  29.3631 0041409   4.9041 185.2066  1.00272725 60725
DIRECTV 11              
1 32729U 08013A   24163.28244024 -.00000124  00000+0  00000+0 0  9993
2 32729   0.0469 153.8939 0000528  17.8321  90.8819  1.00272805 38213
ICO G1                  
1 32763U 08016A   24164.19873466 -.00000170  00000+0  00000+0 0  9994
2 32763   4.9011  34.9709 0002116  44.5945 160.1235  1.00270718 59098
VINASAT-1               
1 32767U 08018A   24163.95714017 -.00000325  00000+0  00000+0 0  9991
2 32767   0.0178 321.1021 0001286 123.4690 292.7066  1.00270465 59219
STAR ONE C2             
1 32768U 08018B   24164.16646722 -.00000273  00000+0  00000+0 0  9995
2 32768   0.0277 341.4107 0002438 106.1995 168.2826  1.00270048 59179
AMOS-3                  
1 32794U 08022A   24163.28600388 -.00000034  00000+0  00000+0 0  9994
2 32794   0.0142  30.5440 0000794  26.8256 301.5456  1.00272441 74959
GALAXY 18 (G-18)        
1 32951U 08024A   24163.51786556  .00000027  00000+0  00000+0 0  9990
2 32951   0.0171  14.4912 0002848  67.3680 241.8986  1.00272367 38472
CHINASAT 9 (ZX 9)       
1 33051U 08028A   24164.14979885 -.00000244  00000+0  00000+0 0  9997
2 33051   0.0124  53.4675 0004466  41.9191 311.7125  1.00272426 58643
SKYNET 5C               
1 33055U 08030A   24164.21368403 -.00000136  00000+0  00000+0 0  9990
2 33055   1.8956  85.4252 0003520 358.6150 236.1064  1.00271655 58520
TURKSAT 3A              
1 33056U 08030B   24164.22551911  .00000150  00000+0  00000+0 0  9995
2 33056   0.0404 131.9900 0005278 318.6355 293.5904  1.00274661 58713
INTELSAT 25 (IS-25)     
1 33153U 08034A   24163.42373645 -.00000222  00000+0  00000+0 0  9995
2 33153   0.8054  89.3445 0002856 349.9197 302.0214  1.00272911 58312
BADR-6                  
1 33154U 08034B   24164.22238630  .00000149  00000+0  00000+0 0  9996
2 33154   0.9480  86.9526 0009805 359.1866 281.1708  1.00275250 58388
ECHOSTAR 11             
1 33207U 08035A   24164.05223529 -.00000053  00000+0  00000+0 0  9993
2 33207   0.0138 331.5831 0002566 101.0137  97.0699  1.00272600 58286
SUPERBIRD-C2            
1 33274U 08038A   24164.17965863 -.00000247  00000+0  00000+0 0  9992
2 33274   0.4587  91.0171 0000461  29.4584 349.1155  1.00270586 58018
AMC-21                  
1 33275U 08038B   24163.51629847  .00000038  00000+0  00000+0 0  9996
2 33275   1.0429  90.0577 0002535 343.0292 248.1961  1.00271408 58113
INMARSAT 4-F3           
1 33278U 08039A   24164.19769042 -.00000138  00000+0  00000+0 0  9999
2 33278   3.7047  27.3657 0002665  57.4510 149.3585  1.00272326 57894
NIMIQ 4                 
1 33373U 08044A   24164.20091024 -.00000216  00000+0  00000+0 0  9998
2 33373   0.0160 312.7437 0001968 133.8169 164.7845  1.00269297 57463
GALAXY 19 (G-19)        
1 33376U 08045A   24164.14354868 -.00000135  00000+0  00000+0 0  9993
2 33376   0.0162 297.5523 0002812 147.9845 130.0770  1.00269974 57465
ASTRA 1M                
1 33436U 08057A   24164.14944771  .00000124  00000+0  00000+0 0  9998
2 33436   0.0693  87.0412 0004786  18.4821 228.4309  1.00272032 57108
EUTELSAT HOTBIRD 13C    
1 33459U 08065A   24164.21472830 -.00000096  00000+0  00000+0 0  9991
2 33459   1.0526  87.3124 0004415 353.1558 245.3396  1.00272400 56873
EXPRESS-AM44            
1 33595U 09007A   24164.14344315 -.00000085  00000+0  00000+0 0  9995
2 33595   1.5657  87.3485 0003719 354.4788 219.7615  1.00272067 56169
NSS-9                   
1 33749U 09008A   24164.18200742  .00000076  00000+0  00000+0 0  9995
2 33749   0.0176  19.0712 0002244  61.1866  69.3155  1.00272905 56198
EUTELSAT 33E            
1 33750U 09008B   24163.53292317 -.00000147  00000+0  00000+0 0  9994
2 33750   0.7711  88.7981 0004485 358.1359 269.8902  1.00272742 56060
TELSTAR 11N             
1 34111U 09009A   24163.27939016 -.00000249  00000+0  00000+0 0  9995
2 34111   0.0176   8.6597 0002289  64.5868 249.8847  1.00271691 38863
WGS F2 (USA 204)        
1 34713U 09017A   24164.08553525  .00000071  00000+0  00000+0 0  9991
2 34713   0.0192 338.0745 0000291 303.4936  67.6336  1.00271839 55576
SES-7 (PROTOSTAR 2)     
1 34941U 09027A   24164.14424189 -.00000341  00000+0  00000+0 0  9996
2 34941   0.0320  57.2545 0000794 116.4784 247.4242  1.00272384 55245
MEASAT-3A               
1 35362U 09032A   24164.17410444 -.00000107  00000+0  00000+0 0  9992
2 35362   0.0541 119.3398 0002825 314.7649  49.4928  1.00271678 54867
GOES 14                 
1 35491U 09033A   24164.05249635 -.00000062  00000+0  00000+0 0  9995
2 35491   0.3272 104.6364 0003757 347.8250  78.7326  1.00271247 54784
FM-5                    
1 35493U 09034A   24164.20004001 -.00000196  00000+0  00000+0 0  9999
2 35493   0.0159 306.5110 0001042 305.5408 354.8186  1.00270258 54604
TERRESTAR-1             
1 35496U 09035A   24164.19516675 -.00000054  00000+0  00000+0 0  9999
2 35496   4.4201  47.4874 0002714  37.2075 135.5492  1.00271928 54785
ASIASAT 5               
1 35696U 09042A   24164.14424189 -.00000303  00000+0  00000+0 0  9999
2 35696   0.0588  96.3825 0001726 324.8362 352.1835  1.00271130 54303
JCSAT-12 (JCSAT-RA)     
1 35755U 09044A   24164.17181251 -.00000324  00000+0  00000+0 0  9993
2 35755   0.0638  94.3810 0001627 336.7730  23.7357  1.00271918 54290
OPTUS D3                
1 35756U 09044B   24164.05257861 -.00000144  00000+0  00000+0 0  9992
2 35756   0.0300 348.0135 0003685  75.3959  12.3798  1.00270746 54269
NIMIQ 5                 
1 35873U 09050A   24164.20265068 -.00000253  00000+0  00000+0 0  9995
2 35873   0.0182  10.5322 0002594  58.8371 191.9044  1.00271939 53978
AMAZONAS 2              
1 35942U 09054A   24164.16646722 -.00000279  00000+0  00000+0 0  9999
2 35942   0.0498 126.9718 0004802 341.9097 151.0324  1.00272919 53811
COMSATBW-1              
1 35943U 09054B   24164.15814997  .00000028  00000+0  00000+0 0  9991
2 35943   0.0334  68.9277 0002595  22.2968 289.6844  1.00272321 53899
NSS-12                  
1 36032U 09058A   24163.44134969  .00000073  00000+0  00000+0 0  9990
2 36032   0.0581  78.1166 0003710   2.1873  35.8283  1.00271422 53546
THOR 6                  
1 36033U 09058B   24164.00229830 -.00000006  00000+0  00000+0 0  9993
2 36033   0.0218 252.2208 0002005 218.0692 150.4943  1.00272349 53590
INTELSAT 14 (IS-14)     
1 36097U 09064A   24164.20828862 -.00000270  00000+0  00000+0 0  9995
2 36097   0.0083  21.2666 0002256  56.6249 213.1113  1.00270882 53321
EUTELSAT 36B            
1 36101U 09065A   24163.50867684  .00000157  00000+0  00000+0 0  9992
2 36101   0.0663   6.1527 0004726  69.5074  43.6688  1.00271142 53347
INTELSAT 15 (IS-15)     
1 36106U 09067A   24163.11021656 -.00000184  00000+0  00000+0 0  9998
2 36106   0.0245  70.8108 0002236  20.7325 293.2202  1.00271124 33841
WGS F3 (USA 211)        
1 36108U 09068A   24164.16090988 -.00000264  00000+0  00000+0 0  9990
2 36108   0.0176  20.4872 0000246 217.4827  38.1588  1.00268858 53133
DIRECTV 12              
1 36131U 09075A   24164.14354868 -.00000100  00000+0  00000+0 0  9991
2 36131   0.0344 142.4649 0000703 201.0445 226.4052  1.00270901 53013
BEIDOU-2 G1             
1 36287U 10001A   24164.23388803 -.00000277  00000+0  00000+0 0  9995
2 36287   2.6043  58.1173 0003957 313.1981 114.3799  1.00271347 52790
RADUGA-1M 2             
1 36358U 10002A   24164.16250110 -.00000180  00000+0  00000+0 0  9999
2 36358   1.7102  88.5317 0001633 340.0166 335.9171  1.00272411 52647
SDO                     
1 36395U 10005A   24163.33813355 -.00000073  00000+0  00000+0 0  9998
2 36395  33.1143  97.6805 0000564 215.3120 327.1136  1.00271576 52680
INTELSAT 16 (IS-16)     
1 36397U 10006A   24164.20204153 -.00000241  00000+0  00000+0 0  9995
2 36397   0.0115 318.8308 0002259 153.3402 145.3693  1.00270882 52347
EWS-G2 (GOES 15)        
1 36411U 10008A   24164.15780188  .00000042  00000+0  00000+0 0  9993
2 36411   0.2886  89.5644 0001883 105.2380 184.3477  1.00268680 52266
ECHOSTAR 14             
1 36499U 10010A   24164.17271693  .00000004  00000+0  00000+0 0  9998
2 36499   0.0167 317.3922 0002108 123.3965 123.4739  1.00271705 52160
SES-1                   
1 36516U 10016A   24164.14354868 -.00000111  00000+0  00000+0 0  9997
2 36516   0.0135   6.5201 0002688  72.4544 132.6638  1.00272617 51760
ASTRA 3B                
1 36581U 10021A   24164.07874749  .00000140  00000+0  00000+0 0  9993
2 36581   0.0515  57.7266 0004380  22.7131 232.2781  1.00271962 51289
COMSATBW-2              
1 36582U 10021B   24164.21977562  .00000092  00000+0  00000+0 0  9993
2 36582   0.0459  60.1231 0002044  26.4201 266.7724  1.00270347 51624
BEIDOU-2 G3             
1 36590U 10024A   24164.08988639 -.00000133  00000+0  00000+0 0  9994
2 36590   2.7963  60.9924 0009031 350.0595 321.8635  1.00271926 51408
BADR-5                  
1 36592U 10025A   24163.29200845  .00000146  00000+0  00000+0 0  9998
2 36592   0.0579 122.3371 0004345 350.0304 278.8440  1.00269083 51523
COMS 1                  
1 36744U 10032A   24164.13278571 -.00000341  00000+0  00000+0 0  9998
2 36744   2.9237  84.4528 0000819 351.8069   0.6208  1.00271728 51280
ARABSAT-5A              
1 36745U 10032B   24164.00859332  .00000157  00000+0  00000+0 0  9999
2 36745   0.0678  50.9785 0005449  36.2328 207.1900  1.00270347 51254
ECHOSTAR 15             
1 36792U 10034A   24163.27460392 -.00000280  00000+0  00000+0 0  9993
2 36792   0.0153  49.5360 0001813  16.6870 231.0791  1.00269941 50949
BEIDOU-2 IGSO-1         
1 36828U 10036A   24163.95217988 -.00000066  00000+0  00000+0 0  9993
2 36828  54.2521 169.6092 0042024 207.2221 334.0900  1.00284523 50851
NILESAT 201             
1 36830U 10037A   24164.21577257 -.00000054  00000+0  00000+0 0  9992
2 36830   0.0392 136.5008 0004044 328.5850 226.6278  1.00271238 50925
RASCOM-QAF 1R           
1 36831U 10037B   24164.07465743  .00000022  00000+0  00000+0 0  9997
2 36831   0.0430  93.3011 0005925 348.7960 208.5628  1.00271312 50929
AEHF-1 (USA 214)        
1 36868U 10039A   24164.05118979  .00000028  00000+0  00000+0 0  9999
2 36868   6.3685  77.3852 0004504  35.2912 170.6970  1.00276187 51062
XM-5                    
1 37185U 10053A   24164.00188444 -.00000020  00000+0  00000+0 0  9990
2 37185   0.0101  32.0047 0000354 205.1441 269.1456  1.00269871 50072
BSAT-3B                 
1 37207U 10056B   24164.13868748 -.00000347  00000+0  00000+0 0  9996
2 37207   0.0317 338.2301 0002113  25.8341  56.6589  1.00273484 49902
BEIDOU-2 G4             
1 37210U 10057A   24164.17748225 -.00000108  00000+0  00000+0 0  9997
2 37210   1.8341  68.7591 0003211 168.1314 248.0695  1.00271633 49919
SKYTERRA 1              
1 37218U 10061A   24164.19708125 -.00000114  00000+0  00000+0 0  9994
2 37218   3.6085  48.2467 0002408   3.9969 178.3623  1.00271428 49857
HYLAS 1                 
1 37237U 10065A   24164.02582380 -.00000360  00000+0  00000+0 0  9997
2 37237   3.7647  81.9622 0000837 349.1239 316.2305  1.00269739 49637
INTELSAT 17 (IS-17)     
1 37238U 10065B   24163.56841656  .00000000  00000+0  00000+0 0  9990
2 37238   0.0139 311.0006 0003065 149.7094  70.3110  1.00272419 45868
BEIDOU-2 IGSO-2         
1 37256U 10068A   24163.70851116 -.00000208  00000+0  00000+0 0  9992
2 37256  48.8892 280.8881 0035594 209.2560 130.7894  1.00252123 49415
EUTELSAT KA-SAT 9A      
1 37258U 10069A   24164.21899241  .00000065  00000+0  00000+0 0  9993
2 37258   0.0709 290.1695 0003051 179.4835 239.2149  1.00268817 49456
HISPASAT 30W-5          
1 37264U 10070A   24163.99655481 -.00000213  00000+0  00000+0 0  9998
2 37264   0.0252 107.6256 0005564 354.7809 127.1537  1.00270540 49295
KOREASAT 6              
1 37265U 10070B   24164.13868748 -.00000358  00000+0  00000+0 0  9998
2 37265   0.0138 270.0102 0001489 178.1158 338.7472  1.00269874 49310
BEIDOU-2 IGSO-3         
1 37384U 11013A   24163.69223437 -.00000195  00000+0  00000+0 0  9997
2 37384  61.3437  47.1629 0026274 175.3634  34.2018  1.00260383 48294
INTELSAT NEW DAWN       
1 37392U 11016A   24163.86591032  .00000159  00000+0  00000+0 0  9996
2 37392   0.0133 347.5232 0000561  59.3726 198.3104  1.00271888 48141
YAHSAT 1A               
1 37393U 11016B   24164.01294444  .00000105  00000+0  00000+0 0  9993
2 37393   0.0177 313.8337 0002655 159.0428 205.0792  1.00270293 48187
SBIRS GEO-1 (USA 230)   
1 37481U 11019A   24164.15867212 -.00000001  00000+0  00000+0 0  9994
2 37481   2.9864  48.5265 0001801  29.5268 305.7367  1.00271860 47979
TELSTAR 14R             
1 37602U 11021A   24164.20463368 -.00000276  00000+0  00000+0 0  9996
2 37602   0.0183 326.3348 0002894  91.1609 214.1937  1.00272214 48413
GSAT-8                  
1 37605U 11022A   24164.15658358  .00000088  00000+0  00000+0 0  9999
2 37605   0.2271  91.7052 0002675 197.9366  82.7857  1.00272115 47872
ST-2                    
1 37606U 11022B   24164.14979885 -.00000207  00000+0  00000+0 0  9994
2 37606   0.0196 282.3382 0001197 163.5005 317.0537  1.00268890 47872
CHINASAT 10 (ZX 10)     
1 37677U 11026A   24164.13868748 -.00000348  00000+0  00000+0 0  9996
2 37677   0.0639 267.7778 0003499 237.9146 275.6270  1.00264033 47594
SES-3                   
1 37748U 11035A   24164.14354868 -.00000098  00000+0  00000+0 0  9991
2 37748   0.0242  29.2277 0002901  55.5126 124.8902  1.00273825 47324
KAZSAT-2                
1 37749U 11035B   24164.15517964 -.00000194  00000+0  00000+0 0  9998
2 37749   0.0359 236.3542 0000741 282.1339 244.8439  1.00273533 47205
BEIDOU-2 IGSO-4         
1 37763U 11038A   24163.46120440  .00000013  00000+0  00000+0 0  9998
2 37763  54.5577 172.2237 0125689 229.0649 119.7504  1.00260751 47266
ASTRA 1N                
1 37775U 11041A   24164.26577215  .00000124  00000+0  00000+0 0  9993
2 37775   0.0841  51.0780 0005498   4.6626 320.2200  1.00273314 47039
BSAT-3C (JCSAT-110R)    
1 37776U 11041B   24164.13868748 -.00000347  00000+0  00000+0 0  9992
2 37776   0.0150 317.4193 0000156 206.4269 256.9749  1.00271542 47158
PAKSAT-1R               
1 37779U 11042A   24164.15318968  .00000158  00000+0  00000+0 0  9991
2 37779   0.0395 151.0132 0002352 257.8318 305.2144  1.00270346 46913
SES-2                   
1 37809U 11049A   24163.99424586 -.00000192  00000+0  00000+0 0  9996
2 37809   0.0134 341.6562 0002656 103.6888  86.3777  1.00268744 46625
ARABSAT-5C              
1 37810U 11049B   24164.14424590  .00000127  00000+0  00000+0 0  9998
2 37810   0.0477 355.9928 0004721 134.1155 202.7832  1.00272980 46546
EUTELSAT 7 WEST A       
1 37816U 11051A   24164.07265591 -.00000056  00000+0  00000+0 0  9995
2 37816   0.0674 335.5790 0003613 129.8677 174.3231  1.00273542 46598
QUETZSAT 1              
1 37826U 11054A   24164.13243763 -.00000238  00000+0  00000+0 0  9995
2 37826   0.0163 327.3357 0002838 132.2048 132.0816  1.00273436 46725
INTELSAT 18 (IS-18)     
1 37834U 11056A   24164.03938176  .00000056  00000+0  00000+0 0  9991
2 37834   0.0158 314.5993 0001553 128.3051  12.1203  1.00273467 46479
EUTELSAT 16A            
1 37836U 11057A   24162.98799378  .00000105  00000+0  00000+0 0  9990
2 37836   0.0705  19.6660 0005458  63.2835 188.5478  1.00273710   617
VIASAT-1                
1 37843U 11059A   24164.17271693 -.00000020  00000+0  00000+0 0  9995
2 37843   0.0174  16.4095 0002307  65.8631 125.7683  1.00270323 46904
ASIASAT 7               
1 37933U 11069A   24164.14424189 -.00000330  00000+0  00000+0 0  9997
2 37933   0.0168 262.2025 0001722 150.2015   5.9571  1.00275377 46095
BEIDOU-2 IGSO-5         
1 37948U 11073A   24163.80614105 -.00000210  00000+0  00000+0 0  9996
2 37948  49.0213 280.5734 0100321 219.9438 143.3354  1.00295151 46034
LUCH-5A                 
1 37951U 11074B   24163.54412684 -.00000048  00000+0  00000+0 0  9999
2 37951   6.8718  85.0631 0003934   4.7157 173.3239  1.00271944 45671
NIGCOMSAT 1R            
1 38014U 11077A   24164.15405991  .00000149  00000+0  00000+0 0  9995
2 38014   0.0420 157.4360 0001441 166.1049  35.3782  1.00270827 45663
FENGYUN 2F              
1 38049U 12002A   24163.71057027 -.00000355  00000+0  00000+0 0  9996
2 38049   5.5817  73.1889 0002575  86.8430 108.2308  1.00261444 45515
WGS F4 (USA 233)        
1 38070U 12003A   24163.94852493 -.00000212  00000+0  00000+0 0  9998
2 38070   0.0163  32.6757 0000373 269.4213  28.5500  1.00271286 45343
SES-4                   
1 38087U 12007A   24164.01507800 -.00000165  00000+0  00000+0 0  9995
2 38087   0.0247  37.2342 0002544  53.5358 153.4830  1.00270283 45114
BEIDOU-2 G5             
1 38091U 12008A   24164.15727976  .00000061  00000+0  00000+0 0  9998
2 38091   2.0647  70.8485 0005814 270.9099  34.4943  1.00269672 45108
MUOS-1                  
1 38093U 12009A   24164.14354868 -.00000124  00000+0  00000+0 0  9997
2 38093   4.0355  44.6861 0058114   1.9212 166.0524  1.00272322 45085
INTELSAT 22 (IS-22)     
1 38098U 12011A   24163.05118778 -.00000058  00000+0  00000+0 0  9998
2 38098   0.0183  60.7225 0001894  25.2484 264.4399  1.00271020 44425
APSTAR-7                
1 38107U 12013A   24164.16084767 -.00000098  00000+0  00000+0 0  9998
2 38107   0.0166  28.8700 0002885  67.7360 298.7764  1.00272256 44805
YAHSAT 1B               
1 38245U 12016A   24164.01198720  .00000130  00000+0  00000+0 0  9999
2 38245   0.0270  82.2294 0003180  33.1994 197.3053  1.00271317 44548
AEHF-2 (USA 235)        
1 38254U 12019A   24164.19847360 -.00000157  00000+0  00000+0 0  9992
2 38254   4.9509  61.6719 0000826   3.7839 172.7927  1.00270364 44306
JCSAT-13                
1 38331U 12023A   24163.61946110 -.00000354  00000+0  00000+0 0  9991
2 38331   0.0174  18.9132 0002180  58.1582 170.3693  1.00273411 44169
VINASAT-2               
1 38332U 12023B   24164.19077000 -.00000325  00000+0  00000+0 0  9997
2 38332   0.0161 335.4762 0002267 111.3715  14.6778  1.00271693 44241
NIMIQ 6                 
1 38342U 12026A   24164.05597726 -.00000170  00000+0  00000+0 0  9996
2 38342   0.0092 335.6413 0002406  90.9415 123.3264  1.00273260 44222
CHINASAT 2A (ZX 2A)     
1 38352U 12028A   24164.14424189 -.00000289  00000+0  00000+0 0  9992
2 38352   0.0455 138.0572 0001891 257.5625  15.5212  1.00273164 44271
INTELSAT 19 (IS-19)     
1 38356U 12030A   24164.16854727 -.00000053  00000+0  00000+0 0  9995
2 38356   0.0137 340.8779 0002792 103.1665  43.6180  1.00271898 44149
ECHOSTAR 17             
1 38551U 12035A   24164.05275743 -.00000072  00000+0  00000+0 0  9991
2 38551   0.0179 354.0728 0002017  87.1859  91.5008  1.00273530 43751
METEOSAT-10 (MSG-3)     
1 38552U 12035B   24163.28696113 -.00000003  00000+0  00000+0 0  9998
2 38552   2.9532  60.9522 0001608 293.3723   9.4058  1.00277770 43479
SES-5                   
1 38652U 12036A   24164.25484998  .00000038  00000+0  00000+0 0  9991
2 38652   0.0407 314.5878 0001884 127.0444 276.1583  1.00272304 43701
INTELSAT 20 (IS-20)     
1 38740U 12043A   24163.05118778 -.00000024  00000+0  00000+0 0  9990
2 38740   0.0017  64.2106 0001282 118.7022 163.8984  1.00273262 43363
HYLAS 2                 
1 38741U 12043B   24164.17965863 -.00000259  00000+0  00000+0 0  9990
2 38741   0.5247  90.2422 0000651 348.6619  29.2640  1.00269755 43488
INTELSAT 21 (IS-21)     
1 38749U 12045A   24163.27530010 -.00000283  00000+0  00000+0 0  9999
2 38749   0.0159 315.0829 0001576 136.0114 210.1121  1.00271264 43144
ASTRA 2F                
1 38778U 12051A   24163.50711042  .00000152  00000+0  00000+0 0  9994
2 38778   0.0487 244.6183 0001167 296.3988 290.0451  1.00273839 33754
GSAT-10                 
1 38779U 12051B   24164.02827300 -.00000161  00000+0  00000+0 0  9999
2 38779   0.0046  19.9172 0000867 324.0347  10.0453  1.00270074 42920
INTELSAT 23 (IS-23)     
1 38867U 12057A   24164.16090988 -.00000281  00000+0  00000+0 0  9995
2 38867   0.0310 236.8680 0000514 142.0783 246.9632  1.00275249 42734
BEIDOU-2 G6             
1 38953U 12059A   24164.09075661 -.00000173  00000+0  00000+0 0  9996
2 38953   2.5478  80.5436 0009914 315.4538 341.6184  1.00273881 42670
LUCH-5B                 
1 38977U 12061A   24163.42678223 -.00000137  00000+0  00000+0 0  9994
2 38977   8.8770  56.7603 0003566  87.4104 253.4179  1.00272054 42229
YAMAL 300K              
1 38978U 12061B   24164.18200742  .00000075  00000+0  00000+0 0  9996
2 38978   0.0163  20.4675 0000370 333.7234 155.2620  1.00271949 42501
STAR ONE C3             
1 38991U 12062A   24163.91600884 -.00000246  00000+0  00000+0 0  9994
2 38991   0.0144 315.9800 0001890 158.9297  40.6070  1.00272773 42480
EUTELSAT 21B            
1 38992U 12062B   24163.50589211  .00000132  00000+0  00000+0 0  9993
2 38992   0.0679 345.0679 0002874  97.1800  21.8108  1.00275977 42458
ECHOSTAR 16             
1 39008U 12065A   24163.99013140 -.00000279  00000+0  00000+0 0  9994
2 39008   0.0171  13.4881 0002041  75.1808 107.0803  1.00272340 42433
CHINASAT 12 (ZX 12)     
1 39017U 12067A   24164.16302324 -.00000203  00000+0  00000+0 0  9998
2 39017   0.0148  16.5368 0002883  61.7773 328.8332  1.00271261 42348
EUTELSAT 70B            
1 39020U 12069A   24163.44396036 -.00000042  00000+0  00000+0 0  9998
2 39020   0.0631 345.4432 0003518  89.3714  55.7819  1.00273562 42131
YAMAL 402               
1 39022U 12070A   24164.15658358  .00000090  00000+0  00000+0 0  9991
2 39022   0.0245  90.4493 0003589 348.1814 293.5961  1.00272330 42236
SKYNET 5D               
1 39034U 12075A   24164.08457801  .00000102  00000+0  00000+0 0  9995
2 39034   0.0673 343.6826 0003648 107.9822 252.4606  1.00274835 42145
MEXSAT 3                
1 39035U 12075B   24163.62189916 -.00000023  00000+0  00000+0 0  9997
2 39035   0.0415  87.0246 0001493 348.3441 294.1463  1.00272263 42102
TDRS 11                 
1 39070U 13004A   24164.27370174  .00000082  00000+0  00000+0 0  9993
2 39070   2.7441  11.5262 0006288  50.2846 123.3594  1.00272794 41616
AMAZONAS 3              
1 39078U 13006A   24162.80604914 -.00000282  00000+0  00000+0 0  9995
2 39078   0.0215 161.6865 0002064 317.5794   9.5531  1.00270601 37525
AZERSPACE 1             
1 39079U 13006B   24164.15475609  .00000137  00000+0  00000+0 0  9991
2 39079   0.0137 321.4065 0001815 146.3551 254.9020  1.00273315 41562
SBIRS GEO-2 (USA 241)   
1 39120U 13011A   24164.20959396 -.00000254  00000+0  00000+0 0  9991
2 39120   2.9733  47.1307 0001742  32.1123 219.2290  1.00271373 41216
EUTELSAT 117 WEST A     
1 39122U 13012A   24163.52086181 -.00000011  00000+0  00000+0 0  9992
2 39122   0.0114 349.7986 0002656  96.3645 244.8867  1.00272509 41058
ANIK G1                 
1 39127U 13014A   24164.05275743 -.00000071  00000+0  00000+0 0  9998
2 39127   0.0310 281.7067 0001184 150.2690 100.5883  1.00271495 40879
CHINASAT 11 (ZX 11)     
1 39157U 13020A   24164.09354135 -.00000287  00000+0  00000+0 0  9994
2 39157   0.0178  62.4860 0002544 278.3859  51.6174  1.00273440 40780
EUTELSAT 7B             
1 39163U 13022A   24163.35980219  .00000049  00000+0  00000+0 0  9994
2 39163   0.0685  14.0264 0004560  21.6494   1.0165  1.00272057 40585
WGS F5 (USA 243)        
1 39168U 13024A   24164.02827244 -.00000281  00000+0  00000+0 0  9993
2 39168   0.0172  18.0984 0000331 288.5359 271.8968  1.00272136 40452
SES-6                   
1 39172U 13026A   24164.20915885 -.00000257  00000+0  00000+0 0  9992
2 39172   0.0193  10.0702 0002327  57.6074 228.1275  1.00270768 40350
IRNSS-1A                
1 39199U 13034A   24159.63635583  .00000053  00000+0  00000+0 0  9998
2 39199  34.0569  74.5929 0017551 182.5884 283.4310  1.00269402 39952
MUOS-2                  
1 39206U 13036A   24164.03861612  .00000067  00000+0  00000+0 0  9998
2 39206   3.6187  40.5131 0051077 177.3746 239.8068  1.00271265 39930
ALPHASAT                
1 39215U 13038A   24163.50650126  .00000135  00000+0  00000+0 0  9993
2 39215   2.8917   7.5569 0001851  77.9781  21.9724  1.00274296 36640
INSAT-3D                
1 39216U 13038B   24164.02827300 -.00000153  00000+0  00000+0 0  9993
2 39216   0.0310 107.6242 0000871 156.5948  88.9026  1.00271335 39932
WGS F6 (USA 244)        
1 39222U 13041A   24164.04718799  .00000092  00000+0  00000+0 0  9998
2 39222   0.0154  10.9100 0000513 310.8655 180.8883  1.00270937 39690
ES'HAIL 1               
1 39233U 13044A   24164.15066602  .00000147  00000+0  00000+0 0  9995
2 39233   0.0500  13.3331 0002400  61.0746 266.2736  1.00272206 39533
GSAT-7                  
1 39234U 13044B   24164.01720855 -.00000074  00000+0  00000+0 0  9998
2 39234   0.0635  97.0214 0005701 181.2016  62.8017  1.00272225 39526
AMOS-4                  
1 39237U 13045A   24164.08701464  .00000011  00000+0  00000+0 0  9994
2 39237   0.0094  59.7799 0002005 346.9854 310.4639  1.00270888 39520
AEHF-3 (USA 246)        
1 39256U 13050A   24164.11474751  .00000137  00000+0  00000+0 0  9990
2 39256   3.4639  72.8747 0045609 179.9861 254.3213  1.00274757 39311
ASTRA 2E                
1 39285U 13056A   24163.50711042  .00000152  00000+0  00000+0 0  9994
2 39285   0.0755  42.4934 0002604  30.4616  38.4077  1.00273530 39062
FM-6                    
1 39360U 13058A   24164.17271693 -.00000013  00000+0  00000+0 0  9994
2 39360   0.0284  36.0880 0000433 266.5553 264.3442  1.00268873 38971
RADUGA-1M 3             
1 39375U 13062A   24164.00946354  .00000157  00000+0  00000+0 0  9998
2 39375   4.0806  81.3505 0003318 214.7015   3.1559  1.00272387 38750
SES-8                   
1 39460U 13071A   24164.14979885 -.00000266  00000+0  00000+0 0  9995
2 39460   0.0333 274.8418 0002714 167.6854 327.3542  1.00271239 38505
INMARSAT 5-F1           
1 39476U 13073A   24163.94339060  .00000031  00000+0  00000+0 0  9995
2 39476   0.0177   7.0538 0000165 153.3211 142.6025  1.00272379 38559
TKSAT-1 (TUPAC KATARI)  
1 39481U 13075A   24164.19986597 -.00000191  00000+0  00000+0 0  9992
2 39481   0.0403 144.7151 0002361 279.7255 181.3143  1.00271351 38479
EXPRESS-AM5             
1 39487U 13077A   24164.17965863 -.00000276  00000+0  00000+0 0  9995
2 39487   0.0180 320.2994 0000170 118.0707  27.3298  1.00272430 38969
GSAT-14                 
1 39498U 14001A   24164.01720855 -.00000074  00000+0  00000+0 0  9994
2 39498   0.0045  65.2403 0001747 210.8588  64.9161  1.00271792 38215
THAICOM 6               
1 39500U 14002A   24164.02827300 -.00000117  00000+0  00000+0 0  9991
2 39500   0.0462 136.0474 0003096 351.7754 221.6778  1.00271355 38150
TDRS 12                 
1 39504U 14004A   24164.20907183 -.00000268  00000+0  00000+0 0  9992
2 39504   3.5530   3.3030 0003560 180.2152 111.8064  1.00267400 38070
ABS-2                   
1 39508U 14006A   24163.51642184 -.00000084  00000+0  00000+0 0  9994
2 39508   0.0389  76.9154 0003166   1.8540  82.3987  1.00272030 37904
ATHENA-FIDUS            
1 39509U 14006B   24164.15310265  .00000158  00000+0  00000+0 0  9999
2 39509   0.0132 338.5155 0001134  88.5384 286.8144  1.00270324 38136
TURKSAT 4A              
1 39522U 14007A   24164.08240244  .00000150  00000+0  00000+0 0  9998
2 39522   0.0377 266.8694 0000349 118.3704 307.2833  1.00271762 37834
EXPRESS-AT1             
1 39612U 14010A   24164.15675760  .00000082  00000+0  00000+0 0  9999
2 39612   0.0127 296.7656 0000311  58.8077  17.8218  1.00272557 37684
EXPRESS-AT2             
1 39613U 14010B   24164.17965863 -.00000277  00000+0  00000+0 0  9995
2 39613   0.0148 308.7891 0000414  15.3452 141.3808  1.00272585 37513
AMAZONAS 4A             
1 39616U 14011A   24164.20247664 -.00000249  00000+0  00000+0 0  9994
2 39616   0.0588 167.0783 0003302 286.1274 166.6992  1.00273528 37498
ASTRA 5B                
1 39617U 14011B   24163.29148632  .00000138  00000+0  00000+0 0  9994
2 39617   0.0525 322.4139 0002129  89.5937 336.5168  1.00271273 37284
IRNSS-1B                
1 39635U 14017A   24157.84007988  .00000105  00000+0  00000+0 0  9996
2 39635  29.0053 253.0198 0023385 184.0764 175.2577  1.00279488 37357
LUCH-5V                 
1 39727U 14023A   24164.14979885 -.00000265  00000+0  00000+0 0  9998
2 39727   3.2860  76.0856 0002013  49.6387 283.8801  1.00268633555132
KAZSAT-3                
1 39728U 14023B   24164.15727976  .00000064  00000+0  00000+0 0  9998
2 39728   0.0305  90.0016 0001132  58.7367 227.3472  1.00274441 37075
EUTELSAT 3B             
1 39773U 14030A   24163.35605163  .00000022  00000+0  00000+0 0  9994
2 39773   0.0629 345.9614 0002956 126.9918 278.5098  1.00277086 36849
ASIASAT 8 (AMOS-7)      
1 40107U 14046A   24164.21638174 -.00000029  00000+0  00000+0 0  9996
2 40107   0.0406 120.1350 0001814 321.4814 253.4225  1.00272485 36138
ASIASAT 6               
1 40141U 14052A   24164.13868748 -.00000358  00000+0  00000+0 0  9999
2 40141   0.0368  96.8455 0000561 340.3992 353.5416  1.00271684 35798
OPTUS 10                
1 40146U 14054A   24163.73521545 -.00000145  00000+0  00000+0 0  9996
2 40146   0.0557 309.2466 0003196 152.3238 219.6628  1.00271641 35742
MEASAT-3B               
1 40147U 14054B   24164.14979885 -.00000238  00000+0  00000+0 0  9990
2 40147   0.0487  48.7761 0003237  13.6898 343.9394  1.00271126 35801
LUCH (OLYMP-K 1)        
1 40258U 14058A   24163.42634713 -.00000139  00000+0  00000+0 0  9995
2 40258   0.1138  95.0369 0003793 333.1827 327.3875  1.00276929 35565
HIMAWARI-8              
1 40267U 14060A   24164.06924323 -.00000272  00000+0  00000+0 0  9996
2 40267   0.0400 158.0751 0000877 294.2500 334.1510  1.00271318 35497
IRNSS-1C                
1 40269U 14061A   24163.94739365 -.00000158  00000+0  00000+0 0  9998
2 40269   4.6580 104.8776 0021304   4.2530 215.7390  1.00270314 35455
INTELSAT 30 (IS-30)     
1 40271U 14062A   24164.19829956 -.00000147  00000+0  00000+0 0  9994
2 40271   0.0102   1.1751 0001780 336.9066 259.2514  1.00270431 35399
ARSAT 1                 
1 40272U 14062B   24164.20265068 -.00000256  00000+0  00000+0 0  9996
2 40272   0.0198  28.4354 0001387  41.9713 191.7428  1.00270860 35515
EXPRESS-AM6             
1 40277U 14064A   24163.51207071  .00000100  00000+0  00000+0 0  9993
2 40277   0.0177 317.8989 0000456 175.9086   3.8616  1.00270575 34203
GSAT-16                 
1 40332U 14078A   24164.08501312  .00000088  00000+0  00000+0 0  9993
2 40332   0.0447 110.1969 0007699 333.7676 262.6184  1.00271857 34885
DIRECTV 14              
1 40333U 14078B   24163.40266837 -.00000124  00000+0  00000+0 0  9991
2 40333   0.0128 339.8127 0000135 300.3631  25.7720  1.00272589 34682
YAMAL 401               
1 40345U 14082A   24164.16337133 -.00000225  00000+0  00000+0 0  9993
2 40345   0.0174 345.5707 0000169  68.2278 355.9306  1.00271762 35049
ASTRA 2G                
1 40364U 14089A   24164.15118816  .00000153  00000+0  00000+0 0  9994
2 40364   0.0475  25.3386 0004877  38.4365 279.7788  1.00272361 34655
FENGYUN 2G              
1 40367U 14090A   24163.87923619 -.00000301  00000+0  00000+0 0  9998
2 40367   3.7781  81.5958 0002907 115.0594 120.3094  1.00273146 34669
MUOS-3                  
1 40374U 15002A   24164.21420617 -.00000125  00000+0  00000+0 0  9993
2 40374   3.2358  35.1351 0054270 176.5458 111.0130  1.00271830 34447
INMARSAT 5-F2           
1 40384U 15005A   24163.97410677 -.00000282  00000+0  00000+0 0  9998
2 40384   0.0178   8.4774 0000118  95.8971  92.1091  1.00272352 34300
ABS-3A                  
1 40424U 15010A   24164.05118979 -.00000023  00000+0  00000+0 0  9992
2 40424   0.0294  53.8804 0001313 312.3187 270.1070  1.00269584 34001
EUTELSAT 115 WEST B     
1 40425U 15010B   24164.17271693 -.00000021  00000+0  00000+0 0  9997
2 40425   0.0409 164.5318 0000176 237.1024 166.6207  1.00271731 34064
EXPRESS-AM7             
1 40505U 15012A   24164.22517102  .00000154  00000+0  00000+0 0  9998
2 40505   0.0133 318.2534 0002994 126.4681 297.3937  1.00274546 33994
IRNSS-1D                
1 40547U 15018A   24163.54673362 -.00000284  00000+0  00000+0 0  9990
2 40547  27.4974 252.8076 0022958 190.5167 125.9213  1.00271531 33605
BEIDOU-3S IGSO-1S       
1 40549U 15019A   24163.87723466 -.00000161  00000+0  00000+0 0  9994
2 40549  50.5839 304.2525 0038351 191.8767 171.0818  1.00251907 33696
THOR 7                  
1 40613U 15022A   24164.14544466 -.00000005  00000+0  00000+0 0  9999
2 40613   0.0303 113.0380 0002642 322.9106 236.7215  1.00271363 33448
TURKMENALEM52E/MONACOSAT
1 40617U 15023A   24164.08440396  .00000107  00000+0  00000+0 0  9996
2 40617   0.0179   9.0217 0001835  83.7049 250.5800  1.00274541 33453
DIRECTV 15              
1 40663U 15026A   24164.24034139 -.00000099  00000+0  00000+0 0  9993
2 40663   0.0235  70.0531 0000350 153.5080  21.1459  1.00271437 33167
SKY MEXICO-1            
1 40664U 15026B   24164.13243763 -.00000231  00000+0  00000+0 0  9995
2 40664   0.0147 304.7666 0001891 135.9371 149.1499  1.00270753 33169
METEOSAT-11 (MSG-4)     
1 40732U 15034A   24164.14753321  .00000068  00000+0  00000+0 0  9994
2 40732   1.3741  68.9891 0001717 153.0317 101.4592  1.00277487 32644
STAR ONE C4             
1 40733U 15034B   24164.06014431 -.00000262  00000+0  00000+0 0  9995
2 40733   0.0283  29.6548 0002388  40.8549 142.0125  1.00270814 32640
WGS F7 (USA 263)        
1 40746U 15036A   24164.16854727  .00000022  00000+0  00000+0 0  9995
2 40746   0.0017   0.2190 0000086 275.7717 220.6596  1.00275789 32490
INTELSAT 34 (IS-34)     
1 40874U 15039A   24164.16646722 -.00000282  00000+0  00000+0 0  9993
2 40874   0.0214   1.5935 0000808 343.8771 279.9539  1.00270818 32257
EUTELSAT 8 WEST B       
1 40875U 15039B   24163.17549498 -.00000064  00000+0  00000+0 0  9994
2 40875   0.0688  19.9628 0003721  55.4000 239.8418  1.00272551 32306
GSAT-6                  
1 40880U 15041A   24164.16206598 -.00000157  00000+0  00000+0 0  9997
2 40880   0.0099  91.9418 0002972   3.9018 305.9776  1.00273851 32226
INMARSAT 5-F3           
1 40882U 15042A   24164.03938176  .00000053  00000+0  00000+0 0  9994
2 40882   0.0176   7.7515 0000091 292.5892 154.2699  1.00270903 32182
MUOS-4                  
1 40887U 15044A   24164.15535324 -.00000090  00000+0  00000+0 0  9994
2 40887   3.1012  32.0703 0057700   1.8120 358.0325  1.00272308 32185
TJS-1                   
1 40892U 15046A   24164.17410444 -.00000152  00000+0  00000+0 0  9998
2 40892   0.0084  24.3788 0002544  63.8827  30.3652  1.00274008 32183
EXPRESS-AM8             
1 40895U 15048A   24163.42721736 -.00000110  00000+0  00000+0 0  9993
2 40895   0.0130 294.6295 0000515  38.2207  67.1911  1.00272043 31965
BEIDOU-3S IGSO-2S       
1 40938U 15053A   24163.70173345 -.00000145  00000+0  00000+0 0  9993
2 40938  50.3659 267.4694 0052617 189.7428 151.6078  1.00263909 31970
SKY MUSTER 1 (NBN1A)    
1 40940U 15054A   24164.17965863 -.00000275  00000+0  00000+0 0  9997
2 40940   0.0174 324.8709 0001674 112.9188  28.1160  1.00270307 31880
ARSAT 2                 
1 40941U 15054B   24164.13243763 -.00000221  00000+0  00000+0 0  9993
2 40941   0.0210  35.3057 0001932  33.2096 159.0938  1.00271239 31941
MORELOS 3               
1 40946U 15056A   24164.12318870 -.00000042  00000+0  00000+0 0  9992
2 40946   3.0272 352.1135 0000116 101.8285  98.2447  1.00271796 31902
APSTAR-9                
1 40982U 15059A   24164.17965863 -.00000262  00000+0  00000+0 0  9994
2 40982   0.0164 351.6125 0001783 189.5049 286.5433  1.00270225 31783
TURKSAT 4B              
1 40984U 15060A   24164.22708552  .00000119  00000+0  00000+0 0  9994
2 40984   0.0389  84.3645 0003184   2.5629 305.8221  1.00271131 31727
CHINASAT 2C (ZX 2C)     
1 41021U 15063A   24164.14424189 -.00000320  00000+0  00000+0 0  9997
2 41021   0.0316 107.0753 0003509 335.0123 334.1980  1.00268947 31646
GSAT-15                 
1 41028U 15065A   24162.94764014 -.00000258  00000+0  00000+0 0  9996
2 41028   0.0620 263.2510 0003676 162.5078 268.6393  1.00273139 31428
BADR-7 (ARABSAT-6B)     
1 41029U 15065B   24163.50667531  .00000146  00000+0  00000+0 0  9991
2 41029   0.0395 223.8565 0003138 347.0599 257.7856  1.00271614 31396
LAOSAT 1                
1 41034U 15067A   24163.54347209 -.00000341  00000+0  00000+0 0  9998
2 41034   0.0392 222.1940 0002592 181.1403 181.1946  1.00272060 31488
TELSTAR 12V             
1 41036U 15068A   24163.78481564 -.00000116  00000+0  00000+0 0  9990
2 41036   0.0248  72.6015 0002218   1.7370  93.8024  1.00272230 31357
ELEKTRO-L 2             
1 41105U 15074A   24164.14274698 -.00000113  00000+0  00000+0 0  9990
2 41105   4.8301  79.5283 0000657 172.9052  45.4561  1.00272120 31146
COSMOS 2513             
1 41121U 15075A   24164.16163087 -.00000135  00000+0  00000+0 0  9994
2 41121   0.0784 104.5494 0003331 322.0310 332.8280  1.00274580 31230
EXPRESS-AMU1            
1 41191U 15082A   24164.15284160  .00000159  00000+0  00000+0 0  9999
2 41191   0.0185   4.6641 0002619  73.1225 274.2876  1.00271037 31136
GAOFEN-4                
1 41194U 15083A   24164.02356120 -.00000331  00000+0  00000+0 0  9998
2 41194   0.0409  77.4315 0003247 112.7142 184.8600  1.00269449 31124
BELINTERSAT-1           
1 41238U 16001A   24164.22743361  .00000111  00000+0  00000+0 0  9992
2 41238   0.0184 292.5887 0002271 251.1633 210.6398  1.00272358 30861
IRNSS-1E                
1 41241U 16003A   24163.70969456 -.00000304  00000+0  00000+0 0  9990
2 41241  31.6201  73.5628 0018487 182.2740  11.9378  1.00277369 30827
EUTELSAT 9B             
1 41310U 16005A   24164.26577215  .00000066  00000+0  00000+0 0  9993
2 41310   0.0343  51.5249 0001050  26.9482 287.2979  1.00275081 30746
SES-9                   
1 41380U 16013A   24163.95244095 -.00000342  00000+0  00000+0 0  9999
2 41380   0.0189 311.0802 0002238 130.3905 270.4751  1.00272131 30384
EUTELSAT 65 WEST A      
1 41382U 16014A   24164.16646722 -.00000273  00000+0  00000+0 0  9992
2 41382   0.0559  27.4198 0002061  48.5523 179.7477  1.00272179 30279
IRNSS-1F                
1 41384U 16015A   24164.15214541  .00000163  00000+0  00000+0 0  9991
2 41384   3.5595 117.9130 0017498 185.5744  44.7058  1.00273919 30287
BEIDOU-2 IGSO-6         
1 41434U 16021A   24163.75449444 -.00000172  00000+0  00000+0 0  9992
2 41434  59.1693  45.4014 0047788 223.1526 359.5380  1.00272445 30094
IRNSS-1G                
1 41469U 16027A   24163.95670506 -.00000331  00000+0  00000+0 0  9990
2 41469   3.4305 119.1739 0005820 330.4055 285.1921  1.00270980 29801
JCSAT-2B                
1 41471U 16028A   24164.17410444 -.00000161  00000+0  00000+0 0  9993
2 41471   0.0182   8.0286 0001017 123.4731 346.1580  1.00271431 29720
THAICOM 8               
1 41552U 16031A   24164.16128278 -.00000118  00000+0  00000+0 0  9999
2 41552   0.0652  41.6137 0002743  22.3959 333.5862  1.00271209 29418
INTELSAT 31 (IS-31)     
1 41581U 16035A   24163.98362008 -.00000148  00000+0  00000+0 0  9998
2 41581   0.0120  54.3264 0000735 143.5742 321.9420  1.00270624 29317
BEIDOU-2 G7             
1 41586U 16037A   24164.02443144 -.00000351  00000+0  00000+0 0  9998
2 41586   1.8955  69.6154 0009067   2.1306 308.3066  1.00278231 29415
ABS-2A (MONGOLSAT-1)    
1 41588U 16038A   24164.16049958 -.00000081  00000+0  00000+0 0  9991
2 41588   0.0146  71.9923 0001957 300.2676  21.2325  1.00272669 29319
EUTELSAT 117 WEST B     
1 41589U 16038B   24164.17271693 -.00000008  00000+0  00000+0 0  9995
2 41589   0.0080 153.9524 0000401 323.6899  88.5207  1.00270855 29336
BRISAT                  
1 41591U 16039A   24163.87758006 -.00000194  00000+0  00000+0 0  9999
2 41591   0.0194 350.1974 0002117  81.4253 295.4951  1.00269683 29279
ECHOSTAR 18             
1 41592U 16039B   24164.16646722 -.00000278  00000+0  00000+0 0  9997
2 41592   0.0186   1.4618 0001350  96.6100 161.4517  1.00270255 29243
MUOS-5                  
1 41622U 16041A   24164.05310552 -.00000149  00000+0  00000+0 0  9998
2 41622   3.8912 296.9663 0194602 251.7365 346.2189  1.00272732 29695
TIANTONG-1 1            
1 41725U 16048A   24164.09423752 -.00000316  00000+0  00000+0 0  9996
2 41725   2.6295  29.4854 0003888  20.3516 346.4040  1.00273660 28894
JCSAT-16                
1 41729U 16050A   24164.17965863 -.00000247  00000+0  00000+0 0  9999
2 41729   0.0170 353.0879 0001849  99.2403  17.2827  1.00271548 28697
USA 270                 
1 41744U 16052A   24151.36729059 -.00000323  00000+0  00000+0 0  9995
2 41744   2.2724  86.7255 0000728 340.0126  88.4674  1.00145152 20632
USA 271                 
1 41745U 16052B   24157.39037171  .00000007  00000+0  00000+0 0  9990
2 41745   2.2621  86.6808 0000213  38.0811 160.6386  0.99799366 20481
INTELSAT 36 (IS-36)     
1 41747U 16053A   24164.01616428 -.00000021  00000+0  00000+0 0  9995
2 41747   0.0114   6.8508 0002155 355.0809 333.2072  1.00271289 28573
INTELSAT 33E (IS-33E)   
1 41748U 16053B   24164.08597037  .00000052  00000+0  00000+0 0  9990
2 41748   0.0167  13.1683 0001874  52.6897 285.9882  1.00273070 28854
INSAT-3DR               
1 41752U 16054A   24164.08884212 -.00000073  00000+0  00000+0 0  9994
2 41752   0.0908  94.9598 0010386 175.0632  96.8450  1.00272000 28424
GSAT-18                 
1 41793U 16060A   24164.16032553 -.00000073  00000+0  00000+0 0  9998
2 41793   0.0400 101.6142 0002215   9.6932 281.3563  1.00272177 28155
SKY MUSTER 2 (NBN1B)    
1 41794U 16060B   24164.17965863 -.00000241  00000+0  00000+0 0  9996
2 41794   0.0144 316.1657 0001413 117.4299  36.8730  1.00269716 28208
HIMAWARI-9              
1 41836U 16064A   24164.17965863 -.00000271  00000+0  00000+0 0  9990
2 41836   0.0329 209.3713 0000999 257.9016 359.1599  1.00272700 27931
SHIJIAN-17 (SJ-17)      
1 41838U 16065A   24163.56967573 -.00000045  00000+0  00000+0 0  9994
2 41838   3.8747  81.4734 0004577 348.0537 203.1189  1.00273100 27855
GOES 16                 
1 41866U 16071A   24164.20221557 -.00000244  00000+0  00000+0 0  9990
2 41866   0.0724 256.8436 0000228 148.0047 213.7620  1.00272370 27721
TIANLIAN 1-04           
1 41869U 16072A   24164.16854727  .00000035  00000+0  00000+0 0  9997
2 41869   0.1986 268.8732 0034218 241.9292 347.6874  1.00271983 27938
WGS F8 (USA 272)        
1 41879U 16075A   24163.87758006 -.00000199  00000+0  00000+0 0  9993
2 41879   0.0029   1.8384 0000313  59.2955 305.2975  1.00272631 27550
FENGYUN 4A              
1 41882U 16077A   24164.09136578 -.00000199  00000+0  00000+0 0  9998
2 41882   0.4462  85.4890 0008033 343.4002 311.9373  1.00269679 27618
ECHOSTAR 19             
1 41893U 16079A   24164.14354868 -.00000135  00000+0  00000+0 0  9992
2 41893   0.0183 355.5731 0001293 102.5350 117.4226  1.00270407 27361
JCSAT-110A (JCSAT-15)   
1 41903U 16082A   24163.99215840 -.00000348  00000+0  00000+0 0  9992
2 41903   0.0149 347.2262 0000482  84.1238 296.6875  1.00271589 27419
STAR ONE D1             
1 41904U 16082B   24164.13243763 -.00000207  00000+0  00000+0 0  9999
2 41904   0.0118  41.8285 0002163  32.8415 149.9533  1.00270612 27410
TJS-2                   
1 41911U 17001A   24164.15884615 -.00000003  00000+0  00000+0 0  9992
2 41911   0.2208 269.7969 0001978 162.4601 312.4706  1.00271489 27355
SBIRS GEO-4 (USA 273)   
1 41937U 17004A   24164.14354868 -.00000141  00000+0  00000+0 0  9997
2 41937   1.4189 358.4306 0001872  77.0683 140.3313  1.00271912 27228
HISPASAT 36W-1          
1 41942U 17006A   24163.99533650 -.00000241  00000+0  00000+0 0  9996
2 41942   0.0147 167.0069 0000999 273.3581 142.7698  1.00271355 27155
TELKOM 3S               
1 41944U 17007A   24164.13868748 -.00000359  00000+0  00000+0 0  9995
2 41944   0.0196 291.9413 0002392 142.0345 354.9112  1.00272221 26846
INTELSAT 32E (IS-32E)   
1 41945U 17007B   24164.06548120 -.00000266  00000+0  00000+0 0  9994
2 41945   0.0135  49.6555 0000423 274.0152 277.5939  1.00269746 26878
ECHOSTAR 23             
1 42070U 17014A   24164.06091347 -.00000054  00000+0  00000+0 0  9991
2 42070   0.0178 358.6224 0001967  81.8627  92.4146  1.00274319 26579
WGS F9 (USA 275)        
1 42075U 17016A   24163.42756545 -.00000095  00000+0  00000+0 0  9990
2 42075   0.0113 349.2428 0000408 344.9095  67.9989  1.00272657 26559
SES-10                  
1 42432U 17017A   24164.13236347 -.00000269  00000+0  00000+0 0  9993
2 42432   0.0195  35.0799 0002400  43.2624 163.3480  1.00270383 26357
CHINASAT 16 (SJ-13)     
1 42662U 17018A   24163.95296309 -.00000349  00000+0  00000+0 0  9991
2 42662   0.0639  95.3806 0003243 150.6221 108.3536  1.00269712 26372
KOREASAT 7              
1 42691U 17023A   24164.02556273 -.00000358  00000+0  00000+0 0  9997
2 42691   0.0277 336.4209 0001111  62.1000 347.4231  1.00272049 26074
SGDC                    
1 42692U 17023B   24162.48762140 -.00000249  00000+0  00000+0 0  9997
2 42692   0.0307  69.1388 0002161  18.7910 272.0859  1.00271837 26028
GSAT-9                  
1 42695U 17024A   24163.95026539 -.00000284  00000+0  00000+0 0  9998
2 42695   0.0320 267.2841 0001974 174.6413 258.3024  1.00271462 26061
INMARSAT 5-F4           
1 42698U 17025A   24164.08527419  .00000078  00000+0  00000+0 0  9990
2 42698   0.0179   1.9151 0000256 359.3186 346.8591  1.00272370 25895
SES-15                  
1 42709U 17026A   24164.26965506  .00000064  00000+0  00000+0 0  9992
2 42709   0.0289  38.8950 0000220  17.2929 172.8121  1.00270136 26819
QZS-2 (MICHIBIKI-2)     
1 42738U 17028A   24163.54502130 -.00000207  00000+0  00000+0 0  9996
2 42738  40.5817 253.8430 0759954 269.1701  74.3178  1.00285673 25741
VIASAT-2                
1 42740U 17029A   24164.12688328 -.00000262  00000+0  00000+0 0  9990
2 42740   0.0167  57.4149 0000180 250.8616 288.4174  1.00271312 25806
EUTELSAT 172B           
1 42741U 17029B   24164.16854727 -.00000002  00000+0  00000+0 0  9995
2 42741   0.0402 163.0644 0000113 159.5954 171.0001  1.00270956 26348
GSAT-19                 
1 42747U 17031A   24164.22673743  .00000129  00000+0  00000+0 0  9997
2 42747   0.1158  92.4333 0006534 345.6702 312.4313  1.00272640 25769
ECHOSTAR 21             
1 42749U 17032A   24164.14770726  .00000068  00000+0  00000+0 0  9992
2 42749   2.5407 319.9761 0002178 111.3911 253.0136  1.00272372 25750
BULGARIASAT-1           
1 42801U 17038A   24164.14596679  .00000015  00000+0  00000+0 0  9992
2 42801   0.0017   0.1528 0002670  83.8665 231.3689  1.00272340 25538
HELLAS-SAT 3            
1 42814U 17040A   24164.01024675  .00000155  00000+0  00000+0 0  9992
2 42814   0.0577  11.3116 0004897  35.2885 256.9353  1.00275517 25482
GSAT-17                 
1 42815U 17040B   24163.95674329 -.00000254  00000+0  00000+0 0  9993
2 42815   0.0090 334.1495 0001937 329.3886  35.1284  1.00267553 25503
INTELSAT 35E (IS-35E)   
1 42818U 17041A   24164.15535553 -.00000235  00000+0  00000+0 0  9994
2 42818   0.0152 358.0774 0001733  78.8171 205.5101  1.00267991 25447
COSMOS 2520             
1 42907U 17046A   24164.22595424  .00000141  00000+0  00000+0 0  9994
2 42907   0.0313  83.5789 0000742  37.2390 266.5587  1.00268161 25021
TDRS 13                 
1 42915U 17047A   24164.21490235 -.00000098  00000+0  00000+0 0  9999
2 42915   3.6440 344.5573 0017520 113.7379 228.6220  1.00272454 25012
QZS-3 (MICHIBIKI-3)     
1 42917U 17048A   24164.12202192 -.00000344  00000+0  00000+0 0  9999
2 42917   0.0587 155.3194 0001371 274.4427   2.1221  1.00275554 24996
AMAZONAS 5              
1 42934U 17053A   24163.81993975 -.00000280  00000+0  00000+0 0  9994
2 42934   0.0401  40.8273 0005174  22.2555  71.7212  1.00270256 24752
ASIASAT 9               
1 42942U 17057A   24164.12757632 -.00000356  00000+0  00000+0 0  9994
2 42942   0.0134  97.9318 0002439 336.6755 354.3720  1.00271360 24573
INTELSAT 37E (IS-37E)   
1 42950U 17059A   24163.42643414 -.00000139  00000+0  00000+0 0  9998
2 42950   0.0172  20.8349 0002281  70.6882 304.2448  1.00272701 24687
BSAT-4A                 
1 42951U 17059B   24164.13868748 -.00000347  00000+0  00000+0 0  9998
2 42951   0.0680  63.3165 0004169 359.6404 357.7670  1.00272268 24584
QZS-4 (MICHIBIKI-4)     
1 42965U 17062A   24162.49323866 -.00000365  00000+0  00000+0 0  9991
2 42965  40.5168 352.8706 0746804 271.4449 309.5021  1.00255040 24422
SES-11 (ECHOSTAR 105)   
1 42967U 17063A   24164.14354868 -.00000086  00000+0  00000+0 0  9994
2 42967   0.0321  61.5968 0001952 351.6823 154.3864  1.00271896 24434
KOREASAT 5A             
1 42984U 17067A   24164.23970380 -.00000354  00000+0  00000+0 0  9998
2 42984   0.0142  35.4016 0001288  19.5367  45.5463  1.00270488 24266
ALCOMSAT 1              
1 43039U 17078A   24164.21229167 -.00000182  00000+0  00000+0 0  9999
2 43039   0.0555 149.5708 0001392 292.6296 230.4387  1.00273417 23907
SBIRS GEO-3 (USA 282)   
1 43162U 18009A   24164.04240175  .00000130  00000+0  00000+0 0  9996
2 43162   2.3656 335.5234 0001561 103.2047  37.9935  1.00272832 23461
AL YAH 3                
1 43174U 18012A   24164.21316189 -.00000151  00000+0  00000+0 0  9995
2 43174   0.0554 274.4151 0001974 191.8320 211.4177  1.00271985 23476
SES-14                  
1 43175U 18012B   24164.16090988 -.00000275  00000+0  00000+0 0  9993
2 43175   0.0124 344.8303 0000843  96.4602 190.1055  1.00271149 23669
GOES 17                 
1 43226U 18022A   24164.19638506 -.00000087  00000+0  00000+0 0  9999
2 43226   0.0044 112.1154 0000563 354.4756 120.4029  1.00272186 23066
HISPASAT 30W-6          
1 43228U 18023A   24164.14980118 -.00000213  00000+0  00000+0 0  9997
2 43228   0.0476  44.1766 0005574  20.8766 219.8251  1.00270571 23125
SUPERBIRD-B3            
1 43271U 18033A   24164.10327095 -.00000089  00000+0  00000+0 0  9992
2 43271   0.0172  13.6557 0001050  54.2675  32.1661  1.00271651 22670
HYLAS 4                 
1 43272U 18033B   24164.15535553 -.00000230  00000+0  00000+0 0  9996
2 43272   0.0664 272.8215 0000998 165.0397 205.5261  1.00272330 22698
IRNSS-1I                
1 43286U 18035A   24162.86785654  .00000081  00000+0  00000+0 0  9991
2 43286  29.1021  85.7294 0018266 182.2668 359.0456  1.00273458 22681
USA 283                 
1 43339U 18036A   24160.47835243 -.00000319  00000+0  00000+0 0  9991
2 43339   0.0180 349.3434 0000346 181.3324  32.9649  1.00266041 17874
COSMOS 2526             
1 43432U 18037A   24164.22470865 -.00000340  00000+0  00000+0 0  9992
2 43432   0.0320  89.9604 0000791  21.0798 358.9546  1.00274693 22593
APSTAR-6C               
1 43450U 18041A   24164.06924323 -.00000314  00000+0  00000+0 0  9993
2 43450   0.0101 330.0638 0000342 271.0043 178.7609  1.00272306 22473
BANGABANDHUSAT-1        
1 43463U 18044A   24164.13868748 -.00000359  00000+0  00000+0 0  9995
2 43463   0.0133 340.5754 0001924  95.8011 353.5928  1.00266725 22364
SES-12                  
1 43488U 18049A   24164.14979885 -.00000266  00000+0  00000+0 0  9990
2 43488   0.0283  50.4620 0000833 254.9162 104.4961  1.00271444 22048
FENGYUN 2H              
1 43491U 18050A   24164.08979936 -.00000125  00000+0  00000+0 0  9990
2 43491   1.1306  87.3144 0001435  35.5321 249.6769  1.00270268 22141
BEIDOU-2 IGSO-7         
1 43539U 18057A   24162.95077295 -.00000073  00000+0  00000+0 0  9993
2 43539  55.1414 169.4217 0075446 233.7087 309.9574  1.00255202 21751
TELSTAR 19V             
1 43562U 18059A   24163.34587858 -.00000278  00000+0  00000+0 0  9993
2 43562   0.0105 172.7746 0002436 298.2156 210.6869  1.00270787 21760
TELKOM 4 (MERAH PUTIH)  
1 43587U 18064A   24164.14424189 -.00000340  00000+0  00000+0 0  9992
2 43587   0.0180 293.8827 0000966 152.4219 334.5711  1.00271957 21494
TELSTAR 18V             
1 43611U 18069A   24164.02991385 -.00000290  00000+0  00000+0 0  9993
2 43611   0.0186   7.3295 0002004  74.5528 327.7251  1.00272681 21248
AZERSPACE 2 (IS-38)     
1 43632U 18074A   24164.22595424  .00000140  00000+0  00000+0 0  9991
2 43632   0.0181   6.9233 0001261  74.4763 306.0828  1.00271983 21072
HORIZONS-3E             
1 43633U 18074B   24164.16854727 -.00000027  00000+0  00000+0 0  9994
2 43633   0.0470 187.7341 0000798 105.1543 197.7536  1.00270855 20958
AEHF-4 (USA 288)        
1 43651U 18079A   24163.41660059 -.00000274  00000+0  00000+0 0  9993
2 43651   1.6765 333.1685 0048581  11.7334 357.7951  1.00273823 20926
BEIDOU-3 G1             
1 43683U 18085A   24164.17965863 -.00000274  00000+0  00000+0 0  9990
2 43683   2.1801 109.7613 0003732 346.9769   8.8854  1.00276530 20687
GSAT-29                 
1 43698U 18089A   24164.15658358  .00000089  00000+0  00000+0 0  9999
2 43698   0.0115  28.3739 0002241  53.1796 290.7900  1.00273846 20450
ES'HAIL 2               
1 43700U 18090A   24164.07918260  .00000148  00000+0  00000+0 0  9993
2 43700   0.0134 309.6102 0001804 170.1903 195.4386  1.00275354 20543
GEO-KOMPSAT-2A          
1 43823U 18100A   24163.95644399 -.00000341  00000+0  00000+0 0  9992
2 43823   0.0382 156.3407 0001843 286.5579 290.4424  1.00270762 20292
GSAT-11                 
1 43824U 18100B   24164.15535324 -.00000073  00000+0  00000+0 0  9995
2 43824   0.0327 252.7458 0007619 189.4610 308.6876  1.00272292 20263
GSAT-7A                 
1 43864U 18105A   24164.15814997  .00000030  00000+0  00000+0 0  9992
2 43864   0.0157 164.0823 0002201 257.7849 318.8253  1.00274044 20083
COSMOS 2533             
1 43867U 18107A   24164.08797189 -.00000035  00000+0  00000+0 0  9998
2 43867   0.0413  92.5318 0000763  19.6412 250.3852  1.00273833 20054
TJS-3                   
1 43874U 18110A   24163.56657966  .00000004  00000+0  00000+0 0  9995
2 43874   0.6408  88.8873 0001534  53.6765 134.7288  1.00273011 20104
CHINASAT 2D (ZX 2D)     
1 43920U 19001A   24164.22620633 -.00000333  00000+0  00000+0 0  9998
2 43920   0.0383 194.1740 0001888  67.9689 210.3487  1.00272427 19987
HELLAS-SAT 4 & SGS-1    
1 44034U 19007A   24163.50928598  .00000154  00000+0  00000+0 0  9992
2 44034   0.0705 127.7726 0005354   7.9923 346.9234  1.00272368 19985
GSAT-31                 
1 44035U 19007B   24163.51102644  .00000127  00000+0  00000+0 0  9990
2 44035   0.0373 112.3517 0000977 185.0718 194.7364  1.00272187 19589
NUSANTARA SATU          
1 44048U 19009A   24164.17965863 -.00000231  00000+0  00000+0 0  9996
2 44048   0.0401 137.5592 0004185 336.2356 357.8736  1.00270880 19392
CHINASAT 6C (ZX 6C)     
1 44067U 19012A   24164.02843448 -.00000331  00000+0  00000+0 0  9990
2 44067   0.0627 106.0532 0004387 290.1961   5.2370  1.00275114 19362
WGS 10 (USA 291)        
1 44071U 19014A   24164.08605740  .00000050  00000+0  00000+0 0  9991
2 44071   0.0170  31.1106 0000475 310.5152  10.5678  1.00271731 19235
TIANLIAN 2-01           
1 44076U 19017A   24164.16093469 -.00000103  00000+0  00000+0 0  9997
2 44076   0.1261 267.2032 0002864 145.6690 343.0973  1.00272834 19248
ARABSAT-6A              
1 44186U 19021A   24164.08013985  .00000157  00000+0  00000+0 0  9998
2 44186   0.0522 336.1271 0003356 151.3830 192.7708  1.00281563 18789
BEIDOU-3 IGSO-1         
1 44204U 19023A   24163.36810014 -.00000228  00000+0  00000+0 0  9999
2 44204  57.6339  45.2833 0018744 210.2167 253.0336  1.00251577 18983
BEIDOU-2 G8             
1 44231U 19027A   24164.00952086 -.00000246  00000+0  00000+0 0  9991
2 44231   1.9368  73.8937 0002841 151.3472 183.4016  1.00266948 18703
YAMAL 601               
1 44307U 19031A   24164.15536524  .00000124  00000+0  00000+0 0  9995
2 44307   0.0156 352.0622 0002394  90.9349 282.9036  1.00269563 18544
AT&T T-16               
1 44333U 19034A   24164.14354868 -.00000111  00000+0  00000+0 0  9992
2 44333   0.0186 332.3929 0001323 332.1423 267.2298  1.00270043 18251
EUTELSAT 7C             
1 44334U 19034B   24164.06091274  .00000052  00000+0  00000+0 0  9996
2 44334   0.0757 184.3760 0003126 238.1707 227.2534  1.00271622 18755
BEIDOU-3 IGSO-2         
1 44337U 19035A   24157.45853507 -.00000053  00000+0  00000+0 0  9992
2 44337  55.1771 165.3705 0033237 210.0015 158.9733  1.00244537 18239
COSMOS 2539             
1 44457U 19048A   24164.14805535  .00000084  00000+0  00000+0 0  9994
2 44457   0.0396 102.9381 0000415  88.8874 134.4190  1.00270472 17857
EDRS-C                  
1 44475U 19049A   24163.19107678  .00000156  00000+0  00000+0 0  9992
2 44475   0.0550 249.4156 0000735 189.6972 280.8871  1.00273938 17818
INTELSAT 39 (IS-39)     
1 44476U 19049B   24164.08640549  .00000037  00000+0  00000+0 0  9999
2 44476   0.0181 336.5070 0000667 354.3385  23.0986  1.00270644 17764
AMOS-17                 
1 44479U 19050A   24163.37688476  .00000111  00000+0  00000+0 0  9999
2 44479   0.0209  59.9105 0001382  42.1372 310.8070  1.00271533 17800
AEHF-5 (USA 292)        
1 44481U 19051A   24164.15658358  .00000088  00000+0  00000+0 0  9999
2 44481   2.7241 307.7954 0044532   3.2883  60.8367  1.00268039 17889
EUTELSAT 5 WEST B       
1 44624U 19067A   24164.05118979 -.00000039  00000+0  00000+0 0  9991
2 44624   0.0617 349.8168 0002839  89.2069 195.2670  1.00271785 17077
MEV-1                   
1 44625U 19067B   24162.92966076 -.00000202  00000+0  00000+0 0  9997
2 44625   0.0340 109.3741 0000845 311.3436 146.2180  1.00269589 15607
TJS-4                   
1 44637U 19070A   24164.16224003 -.00000165  00000+0  00000+0 0  9997
2 44637   0.0349 252.0081 0004114 136.0696  14.8062  1.00269371 17166
BEIDOU-3 IGSO-3         
1 44709U 19073A   24163.75509829 -.00000203  00000+0  00000+0 0  9999
2 44709  56.0600 288.7841 0038854 181.5436 178.4155  1.00251169 17067
TIBA-1                  
1 44800U 19080A   24164.00955057  .00000159  00000+0  00000+0 0  9995
2 44800   0.0523 353.5107 0001996 111.2586 195.0184  1.00275292 16701
INMARSAT GX5            
1 44801U 19080B   24164.26577215  .00000079  00000+0  00000+0 0  9991
2 44801   0.0444  29.9410 0002177  54.7347 283.0765  1.00271817 16727
JCSAT-18 (KACIFIC 1)    
1 44868U 19091A   24164.17410444 -.00000197  00000+0  00000+0 0  9998
2 44868   0.0415 178.3580 0000416 115.4882 179.8074  1.00272178 16724
ELEKTRO-L 3             
1 44903U 19095A   24164.16076066 -.00000093  00000+0  00000+0 0  9994
2 44903   0.0638 200.3309 0000426 219.5821 334.9970  1.00272084 16327
SHIJIAN-20 (SJ-20)      
1 44910U 19097A   24163.58607687 -.00000060  00000+0  00000+0 0  9992
2 44910   3.0285  84.0194 0005987  58.8701  41.5213  1.00244706 16313
TJS-5                   
1 44978U 20002A   24164.23848547 -.00000338  00000+0  00000+0 0  9997
2 44978   0.2378 269.6602 0001709 350.9985 193.8151  1.00271489 16323
GSAT-30                 
1 45026U 20005A   24164.09058257 -.00000161  00000+0  00000+0 0  9994
2 45026   0.0397 102.8456 0003529 341.9007 291.7773  1.00271310 16162
EUTELSAT KONNECT        
1 45027U 20005B   24164.06091274  .00000053  00000+0  00000+0 0  9997
2 45027   0.0645  93.3904 0000502 110.3248  86.2874  1.00271681 16951
JCSAT-17                
1 45245U 20013A   24163.95792338 -.00000316  00000+0  00000+0 0  9997
2 45245   5.5934 349.9130 0002942  97.1810 294.5395  1.00272542 15871
GEO-KOMPSAT-2B          
1 45246U 20013B   24163.71514995 -.00000341  00000+0  00000+0 0  9991
2 45246   0.0148 166.4449 0000511 135.6906 344.1026  1.00270577 15877
BEIDOU-3 G2             
1 45344U 20017A   24164.16154385 -.00000138  00000+0  00000+0 0  9991
2 45344   2.3103  29.4686 0001144 103.5571 266.1411  1.00272271 15906
AEHF-6 (USA 298)        
1 45465U 20022B   24163.81519140 -.00000296  00000+0  00000+0 0  9991
2 45465   4.2345 298.5759 0042066   7.8888  25.3665  1.00275366 15616
BEIDOU-3 G3             
1 45807U 20040A   24164.13868748 -.00000350  00000+0  00000+0 0  9999
2 45807   0.7696  41.7776 0005371 283.9480  95.7141  1.00274550 14710
APSTAR-6D               
1 45863U 20045A   24164.17965863 -.00000314  00000+0  00000+0 0  9996
2 45863   0.0480  86.5231 0002692  28.6193 344.5227  1.00268131 14489
KOREASAT 116            
1 45920U 20048A   24164.13868748 -.00000358  00000+0  00000+0 0  9991
2 45920   0.0220 298.1844 0000788 171.3648 317.5207  1.00269879 14265
EXPRESS 103             
1 45985U 20053A   24164.14979885 -.00000277  00000+0  00000+0 0  9994
2 45985   0.0164 311.5663 0000578   4.8128  95.0015  1.00271803 14278
EXPRESS 80              
1 45986U 20053B   24164.05325761 -.00000132  00000+0  00000+0 0  9993
2 45986   0.0189   8.1311 0000643 160.1541 191.7163  1.00271584 14277
BSAT-4B                 
1 46112U 20056A   24164.14389469 -.00000346  00000+0  00000+0 0  9990
2 46112   0.0717 119.7668 0003919 352.2778 310.5520  1.00273239 14036
MEV-2                   
1 46113U 20056B   24163.21508170 -.00000010  00000+0  00000+0 0  9998
2 46113   0.0183 342.3703 0000748  82.6883 271.4126  1.00271158 73171
GALAXY 30 (G-30)        
1 46114U 20056C   24164.24991167  .00000041  00000+0  00000+0 0  9998
2 46114   0.0120  47.2226 0001941  31.0091 147.7751  1.00272712 14035
GAOFEN-13 01            
1 46610U 20071A   24164.13868748 -.00000359  00000+0  00000+0 0  9995
2 46610   0.6067  87.5417 0014110 275.4160  65.6292  1.00270201 13537
TIANTONG-1 2            
1 46916U 20082A   24164.21661144 -.00000352  00000+0  00000+0 0  9999
2 46916   2.3606 293.5721 0001154 211.0752 319.2723  1.00268421 13277
LUCAS (JDRS-1)          
1 47202U 20089A   24164.14979885 -.00000232  00000+0  00000+0 0  9998
2 47202   0.0163  24.5921 0002821  48.1315 332.9225  1.00274044 13029
SXM-7                   
1 47240U 20096A   24163.29424318 -.00000203  00000+0  00000+0 0  9997
2 47240   0.0262  95.3952 0005182  40.0538 145.4259  1.00271996    70
CMS-01                  
1 47256U 20099A   24164.09058257 -.00000161  00000+0  00000+0 0  9994
2 47256   0.0619  98.1807 0004570 183.5780  94.7666  1.00271754 12821
TURKSAT 5A              
1 47306U 21001A   24163.50754553  .00000156  00000+0  00000+0 0  9994
2 47306   0.0303  79.7547 0000075 157.6027 236.6056  1.00272284 12598
TIANTONG-1 3            
1 47321U 21003A   24163.51772718 -.00000153  00000+0  00000+0 0  9995
2 47321   2.8854 312.3140 0002450 138.1139  77.7877  1.00270329 12580
TJS-6                   
1 47613U 21010A   24164.16854727  .00000046  00000+0  00000+0 0  9990
2 47613   0.3683  87.0925 0001864  57.7118 355.3018  1.00272350 12437
SBIRS GEO-5 (USA 315)   
1 48618U 21042A   24164.08521476  .00000117  00000+0  00000+0 0  9993
2 48618   6.1545 325.6752 0001554 109.9524 236.8572  1.00273121 11366
FENGYUN 4B              
1 48808U 21047A   24164.14424189 -.00000327  00000+0  00000+0 0  9993
2 48808   0.0437 328.4145 0004913 152.9697 296.2904  1.00273068 11198
SXM-8                   
1 48838U 21049A   24164.13799455 -.00000202  00000+0  00000+0 0  9990
2 48838   0.0148  16.5165 0004974  18.5838 190.3625  1.00272787 11256
TIANLIAN 1-05           
1 49011U 21063A   24163.36162966  .00000110  00000+0  00000+0 0  9992
2 49011   0.3180 283.7748 0002147 173.1537 310.2108  1.00272951 10709
STAR ONE D2             
1 49055U 21069A   24164.12688328 -.00000261  00000+0  00000+0 0  9994
2 49055   0.0151 356.9034 0001949 119.9400 119.6736  1.00268879 10532
EUTELSAT QUANTUM        
1 49056U 21069B   24163.51102644  .00000128  00000+0  00000+0 0  9990
2 49056   0.0256  49.3597 0002167  29.7258  52.8938  1.00271859 10554
CHINASAT 2E (ZX 2E)     
1 49062U 21071A   24164.14424189 -.00000288  00000+0  00000+0 0  9999
2 49062   0.0449 122.0318 0002017  18.8171 270.1357  1.00271588 10663
TJS-7                   
1 49115U 21077A   24164.19742933 -.00000119  00000+0  00000+0 0  9992
2 49115   0.2996  85.7017 0000779  24.6255 122.1752  1.00269682 10446
CHINASAT 9B             
1 49125U 21080A   24164.09423752 -.00000309  00000+0  00000+0 0  9992
2 49125   0.0330  86.7069 0001987  15.4757 294.0662  1.00272615 10261
SHIJIAN-21 (SJ-21)      
1 49330U 21094A   24163.57295118 -.00000296  00000+0  00000+0 0  9995
2 49330   9.8016  45.3074 0080166  32.8267 166.6598  1.00317389  9885
SES-17                  
1 49332U 21095A   24164.13227644 -.00000269  00000+0  00000+0 0  9990
2 49332   0.0101  28.9614 0000898  81.2480 131.2539  1.00271280 10469
SYRACUSE 4A             
1 49333U 21095B   24163.92202310  .00000138  00000+0  00000+0 0  9994
2 49333   0.0193 353.0026 0001526 104.8061 180.3513  1.00269261 10616
QZS-1R                  
1 49336U 21096A   24163.71683999 -.00000271  00000+0  00000+0 0  9990
2 49336  35.9344  90.6109 0755843 271.4338 290.9785  1.00261450  9626
CHINASAT 1D (ZX 1D)     
1 49505U 21114A   24164.23244591 -.00000333  00000+0  00000+0 0  9997
2 49505   0.0087 330.8854 0001495 225.0823 278.9307  1.00266913  9454
STPSAT-6                
1 49817U 21118A   24164.17271693 -.00000042  00000+0  00000+0 0  9990
2 49817   0.0161 357.3777 0000501  46.1969 167.9608  1.00269500  9200
LDPE-1                  
1 49818U 21118B   24164.25807355  .00000063  00000+0  00000+0 0  9992
2 49818   2.2639  88.1870 0004933  47.8210  97.1952  0.99873473  9256
EXPRESS AMU-7           
1 50001U 21123A   24163.87307579 -.00000239  00000+0  00000+0 0  9990
2 50001   0.0190 308.8731 0000359  10.9773  40.1394  1.00273519  9156
EXPRESS AMU-3           
1 50002U 21123B   24163.98979618 -.00000317  00000+0  00000+0 0  9999
2 50002   0.0192 342.3071 0000537  72.9860 304.7119  1.00268340  9130
TIANLIAN 2-02           
1 50005U 21124A   24164.16854727 -.00000010  00000+0  00000+0 0  9997
2 50005   0.6840 273.9970 0001205 132.8481  85.8002  1.00273500  9237
TURKSAT 5B              
1 50212U 21126A   24164.08240244  .00000149  00000+0  00000+0 0  9995
2 50212   0.0650 347.3741 0003734  11.4847 333.7173  1.00272184  8925
INMARSAT 6-F1           
1 50319U 21128A   24164.15535324 -.00000168  00000+0  00000+0 0  9991
2 50319   0.0123 311.9053 0000155 356.6384  92.1093  1.00270830  8872
SHIYAN 12 01 (SY-12 01) 
1 50321U 21129A   24163.61844586 -.00000351  00000+0  00000+0 0  9992
2 50321   1.7713  91.0069 0001272  63.4939  89.3459  1.00457793  9130
SHIYAN 12 02 (SY-12 02) 
1 50322U 21129B   24163.57126368 -.00000325  00000+0  00000+0 0  9990
2 50322   1.7700  91.0146 0001067 187.2441 323.3936  1.00099769  9134
TJS-9                   
1 50574U 21135A   24164.24449003 -.00000295  00000+0  00000+0 0  9991
2 50574   0.0545  73.7683 0003451 338.3632  74.0931  1.00276349  9096
USA 324                 
1 51280U 22006A   24155.42803545 -.00000007  00000+0  00000+0 0  9990
2 51280   1.7041  88.6513 0004068 353.4952 139.0207  1.00134112  8677
USA 325                 
1 51281U 22006B   24155.07299656 -.00000162  00000+0  00000+0 0  9996
2 51281   0.2954  85.2607 0000310 194.6194  78.9639  1.00381384  8643
GOES 18                 
1 51850U 22021A   24163.97500485  .00000100  00000+0  00000+0 0  9999
2 51850   0.0382 159.2524 0000276 245.7023  69.8265  1.00271406  8432
CHINASAT 6D (ZX 6D)     
1 52255U 22038A   24162.93137936 -.00000354  00000+0  00000+0 0  9991
2 52255   0.0144 327.2951 0000254   1.0789  31.6245  1.00267647  8041
NILESAT 301             
1 52817U 22061A   24163.28548175 -.00000056  00000+0  00000+0 0  9990
2 52817   0.0479 347.9109 0004395  70.6890 297.2703  1.00273600  7353
CMS-02 (GSAT 24)        
1 52903U 22067A   24164.15535324 -.00000161  00000+0  00000+0 0  9998
2 52903   0.0312 258.3457 0008281 190.3178 311.2600  1.00272047  7237
MEASAT 3D               
1 52904U 22067B   24164.14979885 -.00000238  00000+0  00000+0 0  9997
2 52904   0.0437 310.3145 0000789  73.4138  22.6638  1.00271336  7279
SES-22                  
1 52933U 22071A   24164.24253433  .00000108  00000+0  00000+0 0  9994
2 52933   0.0127 308.0769 0000570  66.1860 195.0914  1.00272348  7199
WFOV (USA 332)          
1 52940U 22073A   24164.13868748 -.00000359  00000+0  00000+0 0  9992
2 52940   1.8138  88.2546 0001611 290.1759  51.7537  1.00273842  6997
TIANLIAN 2-03           
1 53100U 22078A   24163.02552031  .00000073  00000+0  00000+0 0  9990
2 53100   1.2422 278.7255 0002486 158.2901 202.6247  1.00273113  7170
SBIRS GEO-6 (USA 336)   
1 53355U 22092A   24163.88698120 -.00000290  00000+0  00000+0 0  9994
2 53355   4.5842 311.1719 0002862 109.6655 298.1818  1.00271434  6857
EUTELSAT KONNECT VHTS   
1 53765U 22110A   24164.07448338  .00000021  00000+0  00000+0 0  9997
2 53765   0.0572  97.2629 0002793 322.1249 231.0018  1.00275201  6426
CHINASAT 1E (ZX 1E)     
1 53813U 22112A   24164.16180493 -.00000145  00000+0  00000+0 0  9996
2 53813   0.0440  87.5306 0001477 348.5477 324.4891  1.00269798  6476
SES-20                  
1 53960U 22123A   24164.24019414 -.00000097  00000+0  00000+0 0  9990
2 53960   0.0197  89.0962 0002021   0.9299 154.3809  1.00269575  6168
SES-21                  
1 53961U 22123B   24163.97648424  .00000072  00000+0  00000+0 0  9991
2 53961   0.0338   8.3373 0001428  42.1500  70.9135  1.00267212  6171
GALAXY 33 (G-33)        
1 54026U 22128A   24164.26395549  .00000083  00000+0  00000+0 0  9991
2 54026   0.0145 317.9439 0001730 124.1280 141.0215  1.00271536  6380
GALAXY 34 (G-34)        
1 54027U 22128B   24164.26965506  .00000063  00000+0  00000+0 0  9996
2 54027   0.0217 344.4350 0001514 102.6902 142.0992  1.00270438  6406
ANGOSAT 2               
1 54033U 22131A   24164.22177713  .00000139  00000+0  00000+0 0  9992
2 54033   0.0323  96.0756 0001710  18.0022 249.7743  1.00271961  6111
EUTELSAT HOTBIRD 13F    
1 54048U 22134A   24164.21977562  .00000091  00000+0  00000+0 0  9997
2 54048   0.0632 292.1523 0002120  62.7794 358.2152  1.00272406  6079
LDPE-2                  
1 54219U 22144A   24164.19951787 -.00000129  00000+0  00000+0 0  9999
2 54219   3.8100  65.1530 0004886 112.5221  66.1157  0.99867813  4422
EUTELSAT HOTBIRD 13G    
1 54225U 22146A   24164.14424590  .00000091  00000+0  00000+0 0  9997
2 54225   0.0540 248.0530 0001943 296.3374 141.4920  1.00272293  5846
CHINASAT 19 (ZX 19)     
1 54230U 22148A   24164.17809140 -.00000076  00000+0  00000+0 0  9990
2 54230   0.0332 273.6098 0004341 326.5752 248.2917  1.00271597  5999
GALAXY 31 (G-31)        
1 54243U 22153A   24164.25214329  .00000017  00000+0  00000+0 0  9992
2 54243   0.0185 311.9575 0001208 119.6103 159.2603  1.00272148  5788
GALAXY 32 (G-32)        
1 54244U 22153B   24164.13799455 -.00000170  00000+0  00000+0 0  9999
2 54244   0.0095 345.2716 0002111  55.6162 178.7308  1.00271315  5798
EUTELSAT 10B            
1 54259U 22157A   24163.36041134  .00000071  00000+0  00000+0 0  9996
2 54259   0.0584  99.5588 0001109 295.7846   4.5705  1.00278923  5648
GALAXY 35 (G-35)        
1 54741U 22170A   24164.14354868 -.00000159  00000+0  00000+0 0  9993
2 54741   0.0186 318.9041 0001600 136.3492 124.2716  1.00271519  5531
GALAXY 36 (G-36)        
1 54742U 22170B   24164.13799455 -.00000182  00000+0  00000+0 0  9994
2 54742   0.0139  44.3967 0002787  48.0334 129.1898  1.00271191  5540
METEOSAT-12 (MTG-I1)    
1 54743U 22170C   24164.21707792 -.00000004  00000+0  00000+0 0  9990
2 54743   0.5041  40.2564 0001574  38.3599 260.0348  1.00273212  5602
SHIJIAN-23 (SJ-23)      
1 55131U 23002A   24163.22404502  .00000149  00000+0  00000+0 0  9999
2 55131   1.8187  87.8325 0001425 350.9888 306.0072  1.00075568  5317
USA 340                 
1 55138U 22144E   24152.91459991  .00000031  00000+0  00000+0 0  9998
2 55138   3.7517  65.9748 0004748  69.7415 106.1858  0.99555773  4295
APSTAR-6E               
1 55239U 23005A   24163.89982286 -.00000306  00000+0  00000+0 0  9990
2 55239   0.0322 259.3945 0007595 222.4552 238.2170  1.00274146 20952
USA 342                 
1 55263U 23008A   24159.86033358  .00000138  00000+0  00000+0 0  9991
2 55263   0.0185   0.0229 0000249 151.8678  78.6576  1.00267844  5108
LDPE-3A                 
1 55264U 23008B   24164.14909962  .00000104  00000+0  00000+0 0  9995
2 55264   1.0485  87.8773 0000650 183.3689  60.7029  1.01374528  4448
ELEKTRO-L 4             
1 55506U 23016A   24163.81535247 -.00000055  00000+0  00000+0 0  9993
2 55506   0.0832 253.9160 0000707 332.8910 133.1794  1.00272820  4949
AMAZONAS NEXUS          
1 55508U 23017A   24163.81993975 -.00000280  00000+0  00000+0 0  9992
2 55508   0.0305 331.5875 0002418  61.3080 101.9148  1.00270732  4884
CHINASAT 26 (ZX 26)     
1 55686U 23023A   24164.22251189 -.00000350  00000+0  00000+0 0  9994
2 55686   0.0713  80.0371 0003231   2.7860  23.4603  1.00268125  4876
LUCH-5X (OLYMP-K 2)     
1 55841U 23031A   24163.38382550  .00000033  00000+0  00000+0 0  9996
2 55841   0.0420  90.9545 0001434  20.4064 291.7182  1.00272433  4568
GAOFEN-13 02            
1 55912U 23036A   24164.25061507 -.00000227  00000+0  00000+0 0  9999
2 55912   2.0311 305.6788 0003164 318.1210 234.2000  1.00274158  4719
SES-18                  
1 55970U 23038A   24164.24019352 -.00000097  00000+0  00000+0 0  9990
2 55970   0.0290 275.5696 0000375  63.4310 265.4220  1.00270546  4742
SES-19                  
1 55971U 23038B   24164.24474028  .00000092  00000+0  00000+0 0  9990
2 55971   0.0085 359.5528 0001406  78.4530 136.2433  1.00270942  4716
INTELSAT 40E (IS-40E)   
1 56174U 23052A   24163.41190137 -.00000172  00000+0  00000+0 0  9996
2 56174   0.0120  10.8679 0001475 105.8428 200.8051  1.00268468  4447
VIASAT-3                
1 56370U 23060A   24164.13799455 -.00000181  00000+0  00000+0 0  9991
2 56370   0.0226 321.2523 0000273  78.8528 181.5682  1.00267752  4073
ARCTURUS                
1 56371U 23060B   24164.08962532 -.00000113  00000+0  00000+0 0  9999
2 56371   0.8731  88.7186 0000266  73.2480 209.2470  1.00271203  4081
GS-1                    
1 56372U 23060C   24162.76577193 -.00000224  00000+0  00000+0 0  9991
2 56372   0.8228  87.7660 0003130 281.8071 255.1170  1.00269869   151
BEIDOU-3 G4             
1 56564U 23066A   24164.17748225 -.00000108  00000+0  00000+0 0  9994
2 56564   2.1346 288.2195 0005394 199.6376 357.0483  1.00271141  4035
ARABSAT-7B (BADR-8)     
1 56757U 23075A   24163.57828462  .00000147  00000+0  00000+0 0  9995
2 56757   0.0733  26.2492 0004552 355.6986 112.6243  1.00272784  3753
IRNSS-1J (NVS-01)       
1 56759U 23076A   24164.02826043 -.00000332  00000+0  00000+0 0  9999
2 56759   4.0103 266.3035 0004459   8.1101 126.1522  1.00275578  3838
NUSANTARA TIGA (SATRIA) 
1 57045U 23086A   24164.17965863 -.00000231  00000+0  00000+0 0  9997
2 57045   0.0287 340.5884 0003912  10.4096 120.6671  1.00272632  3680
H2SAT (HEINRICH HERTZ)  
1 57213U 23093A   24163.93106543  .00000004  00000+0  00000+0 0  9994
2 57213   0.0402 112.9322 0001280 102.9062  20.6068  1.00273256  3503
SYRACUSE 4B             
1 57214U 23093B   24164.14431337 -.00000051  00000+0  00000+0 0  9994
2 57214   0.0124   1.2663 0000221 194.4678 110.6391  1.00270146  4242
JUPITER 3 (ECHOSTAR 24) 
1 57479U 23108A   24163.54132476 -.00000148  00000+0  00000+0 0  9996
2 57479   0.0204 348.4982 0001563  83.3521 288.1667  1.00270230  3270
GALAXY 37 (G-37)        
1 57493U 23112A   24164.23779587  .00000052  00000+0  00000+0 0  9997
2 57493   0.0109 355.2000 0001803  79.6545 144.7965  1.00272685  3148
LUDI TANCE-4 01A        
1 57624U 23120A   24164.09188791 -.00000175  00000+0  00000+0 0  9994
2 57624  15.7491 211.8558 0002349 218.6641 312.9739  1.00275045  3167
TJS-10                  
1 58204U 23169A   24163.56559831  .00000003  00000+0  00000+0 0  9999
2 58204   0.6367  88.6749 0001094 290.5987 257.5311  1.00273265  2292
CHINASAT 6E (ZX 6E)     
1 58253U 23172A   24164.13868748 -.00000358  00000+0  00000+0 0  9995
2 58253   0.0176  10.9975 0003565  74.2101 341.1559  1.00269050  2287
YAOGAN-41               
1 58582U 23197A   24164.16320060 -.00000360  00000+0  00000+0 0  9993
2 58582   4.6107 307.7442 0018750 175.0060 320.2476  1.00269510  1947
OVZON-3                 
1 58698U 24003A   24164.08597037  .00000055  00000+0  00000+0 0  9999
2 58698   0.0271 258.8308 0001765 299.5377 153.1678  1.00273772  1857
INSAT-3DS               
1 58990U 24033A   24164.15535324 -.00000161  00000+0  00000+0 0  9995
2 58990   0.0942  93.5447 0011518 357.3954 308.9698  1.00271495  1454
MERAH PUTIH 2           
1 58995U 24035A   24164.13868748 -.00000354  00000+0  00000+0 0  9993
2 58995   0.0201 290.3320 0001452 122.1154  11.3837  1.00272002  1253
TJS-11                  
1 59020U 24037A   24163.59085932 -.00000368  00000+0  00000+0 0  9995
2 59020   5.3384 321.3491 0004930 174.7147  97.3233  1.00269859  1223
HULIANWAN GAOGUI-01 (H*)
1 59069U 24040A   24164.15231946  .00000160  00000+0  00000+0 0  9992
2 59069   0.0493 102.4458 0003022 289.5323 317.5039  1.00273348  1209
PAKSAT-MM1              
1 59915U 24104A   24164.01007271  .00000157  00000+0  00000+0 0  9996
2 59915   0.0411 179.5626 0000343 310.4370 172.6515  1.00274453   228
