STARLETTE               
1 07646U 75010A   24164.23260821 -.00000148  00000+0 -32816-5 0  9996
2 07646  49.8223 125.5577 0205668 155.0914 206.0074 13.82328570492864
LAGEOS 1                
1 08820U 76039A   24163.56122087  .00000006  00000+0  00000+0 0  9994
2 08820 109.8572 287.3473 0044211 100.0903 248.5197  6.38665055866562
AJISAI (EGS)            
1 16908U 86061A   24164.23780455 -.00000063  00000+0  24289-3 0  9993
2 16908  50.0087 247.3324 0011384 110.0997 289.4585 12.44506109389222
COSMOS 1989 (ETALON 1)  
1 19751U 89001C   24163.25072277  .00000002  00000+0  00000+0 0  9999
2 19751  64.5522  97.4431 0023833 215.9743 220.8941  2.13156220275683
COSMOS 2024 (ETALON 2)  
1 20026U 89039C   24164.21275958 -.00000059  00000+0  00000+0 0  9998
2 20026  65.3402 335.7313 0019417 216.9866 269.7453  2.13204543272828
LAGEOS 2                
1 22195U 92070B   24163.36552112 -.00000009  00000+0  00000+0 0  9996
2 22195  52.6793  11.6697 0137573 225.1814 288.8292  6.47293415747785
STELLA                  
1 22824U 93061B   24164.18428330 -.00000016  00000+0  12029-4 0  9998
2 22824  98.8783 210.3917 0005875 204.2869 232.5501 14.27425836600075
LARETS                  
1 27944U 03042F   24164.18903385  .00000198  00000+0  47627-4 0  9996
2 27944  98.3147 304.4077 0012597 165.9428 194.2127 14.63520013105922
LARES                   
1 38077U 12006A   24164.19761466 -.00000048  00000+0 -59502-4 0  9999
2 38077  69.4895 107.6767 0008617 359.2353   0.8659 12.54931573564951
LARES-2                 
1 53105U 22080A   24164.00595899  .00000013  00000+0  00000+0 0  9990
2 53105  70.1387 197.4613 0004972 139.9398 220.1732  6.38965295 44690
