NAVSTAR 43 (USA 132)    
1 24876U 97035A   23338.83615454  .00000082  00000+0  00000+0 0  9994
2 24876  55.6139 134.7689 0075388  53.6181 307.0714  2.00564889193390
NAVSTAR 47 (USA 150)    
1 26360U 00025A   23340.22499560 -.00000073  00000+0  00000+0 0  9992
2 26360  54.5090  56.8017 0041638 206.1023 167.5133  2.00564348172733
NAVSTAR 51 (USA 166)    
1 27663U 03005A   23339.75171913 -.00000030  00000+0  00000+0 0  9998
2 27663  55.1962 251.7355 0135914  45.5112 324.6983  2.00560783152771
NAVSTAR 52 (USA 168)    
1 27704U 03010A   23339.65256588 -.00000082  00000+0  00000+0 0  9998
2 27704  55.1155   1.6431 0251869 321.0206 195.5810  2.00555507151560
NAVSTAR 54 (USA 177)    
1 28190U 04009A   23339.16228014 -.00000059  00000+0  00000+0 0  9990
2 28190  55.6191 312.8156 0092112 141.8536 319.6628  2.00564544144394
NAVSTAR 56 (USA 180)    
1 28474U 04045A   23339.94349190 -.00000080  00000+0  00000+0 0  9994
2 28474  55.4430   1.9842 0164516 285.6313  71.9672  2.00536793139889
ANIK F1R                
1 28868U 05036A   23339.63837441 -.00000054  00000+0  00000+0 0  9990
2 28868   1.9290  87.9315 0001475 146.6236 322.1393  1.00271932 37180
NAVSTAR 57 (USA 183)    
1 28874U 05038A   23340.10804816 -.00000058  00000+0  00000+0 0  9997
2 28874  55.6678 310.2328 0140170 281.5525 166.5421  2.00569205133290
INMARSAT 4-F2           
1 28899U 05044A   23340.03035662 -.00000242  00000+0  00000+0 0  9993
2 28899   3.9806  41.5611 0002160 227.2737 319.9988  1.00271780 66231
NAVSTAR 58 (USA 190)    
1 29486U 06042A   23339.64269172  .00000078  00000+0  00000+0 0  9991
2 29486  54.6794 187.9965 0104841  35.2788 337.3173  2.00565467125855
NAVSTAR 59 (USA 192)    
1 29601U 06052A   23339.05381551 -.00000031  00000+0  00000+0 0  9992
2 29601  55.2204 250.7286 0085594  79.7424 281.2643  2.00554685124853
NAVSTAR 60 (USA 196)    
1 32260U 07047A   23339.36450384  .00000053  00000+0  00000+0 0  9990
2 32260  53.5103 118.3258 0152527  72.9470 288.7022  2.00574369118264
COSMOS 2433             
1 32275U 07052A   23339.00717494 -.00000044  00000+0  00000+0 0  9992
2 32275  65.9982 346.8849 0005549 255.6369 104.3393  2.13104187125346
COSMOS 2432             
1 32276U 07052B   23340.11416727 -.00000039  00000+0  00000+0 0  9996
2 32276  66.0124 346.9585 0011478 313.3121 122.6928  2.13103397125407
NAVSTAR 61 (USA 199)    
1 32384U 07062A   23340.21942740 -.00000058  00000+0  00000+0 0  9998
2 32384  55.8021 311.0633 0023887 151.4568 235.9592  2.00563511117049
COSMOS 2434             
1 32393U 07065A   23339.41738005  .00000016  00000+0  00000+0 0  9991
2 32393  64.3271 223.1808 0003967  71.5740 134.5926  2.13103174124063
COSMOS 2436             
1 32395U 07065C   23339.25169931  .00000014  00000+0  00000+0 0  9999
2 32395  64.3359 223.2491 0016991   5.4093 209.0477  2.13102788124024
NAVSTAR 62 (USA 201)    
1 32711U 08012A   23339.27907068  .00000074  00000+0  00000+0 0  9993
2 32711  54.4484 186.8206 0178489 236.3951 121.9577  2.00560766115205
NAVSTAR 64 (USA 206)    
1 35752U 09043A   23339.39620708 -.00000062  00000+0  00000+0 0  9990
2 35752  55.5105  64.0434 0056212  70.3148  29.4211  2.00552829104811
COSMOS 2456             
1 36111U 09070A   23339.55004388  .00000031  00000+0  00000+0 0  9993
2 36111  64.5300 102.6397 0001974 301.6349 164.0993  2.13099045108720
COSMOS 2457             
1 36112U 09070B   23340.20086194  .00000028  00000+0  00000+0 0  9999
2 36112  64.5143 102.4805 0006069 157.8123 218.7190  2.13101220108780
COSMOS 2460             
1 36402U 10007C   23339.49506300 -.00000041  00000+0  00000+0 0  9994
2 36402  65.8586 345.5685 0002797 272.3229 272.2380  2.13106391107023
NAVSTAR 65 (USA 213)    
1 36585U 10022A   23339.36264045 -.00000025  00000+0  00000+0 0  9998
2 36585  54.5224 245.8717 0113520  60.1016 135.2733  2.00566774 99044
BEIDOU-2 IGSO-1         
1 36828U 10036A   23339.97341285 -.00000034  00000+0  00000+0 0  9992
2 36828  54.2373 171.3269 0037970 190.6924 171.0261  1.00284000 48969
QZS-1 (MICHIBIKI-1)     
1 37158U 10045A   23339.62324788  .00000049  00000+0  00000+0 0  9995
2 37158  42.9980 126.6299 0003982 118.5982  63.1074  0.87715837 48288
BEIDOU-2 G4             
1 37210U 10057A   23339.72497750 -.00000093  00000+0  00000+0 0  9998
2 37210   1.3861  64.6042 0008006 183.2366 247.3620  1.00270835 48023
BEIDOU-2 IGSO-2         
1 37256U 10068A   23339.78590536 -.00000207  00000+0  00000+0 0  9999
2 37256  49.2426 283.1883 0029574 213.8571 326.2282  1.00254219 47526
BEIDOU-2 IGSO-3         
1 37384U 11013A   23339.64239288 -.00000190  00000+0  00000+0 0  9992
2 37384  61.0690  49.0004 0027433 183.2429 179.1171  1.00258725 46393
GSAT-8                  
1 37605U 11022A   23339.84735479  .00000105  00000+0  00000+0 0  9998
2 37605   0.0444 119.6345 0008724 143.0805 171.7946  1.00271765 43940
NAVSTAR 66 (USA 232)    
1 37753U 11036A   23339.65989250 -.00000082  00000+0  00000+0 0  9999
2 37753  56.7546   7.8875 0127705  56.7031  77.4866  2.00523476 90735
BEIDOU-2 IGSO-4         
1 37763U 11038A   23339.35111854  .00000068  00000+0  00000+0 0  9999
2 37763  54.5100 173.8912 0112519 227.0430 251.9538  1.00256188 45374
GSAT0101 (GALILEO-PFM)  
1 37846U 11060A   23338.80396047 -.00000081  00000+0  00000+0 0  9990
2 37846  57.1180   6.8213 0001957 316.3148  43.7223  1.70476050 75340
GSAT0102 (GALILEO-FM2)  
1 37847U 11060B   23338.16264325 -.00000084  00000+0  00000+0 0  9996
2 37847  57.1188   6.8387 0003957 302.4154  70.1098  1.70475464 75348
COSMOS 2476             
1 37867U 11064A   23339.64644587  .00000035  00000+0  00000+0 0  9993
2 37867  64.8079 104.1985 0022462 231.7413 218.0618  2.13101703 94065
COSMOS 2477             
1 37868U 11064B   23339.41407439  .00000036  00000+0  00000+0 0  9993
2 37868  64.8151 104.2768 0019642 231.9517 217.4187  2.13101521 94051
COSMOS 2475             
1 37869U 11064C   23339.46394301  .00000035  00000+0  00000+0 0  9991
2 37869  64.8222 104.2883 0023754 249.1924 197.0041  2.13101743 94060
BEIDOU-2 IGSO-5         
1 37948U 11073A   23338.28806853 -.00000141  00000+0  00000+0 0  9997
2 37948  49.3721 282.8782 0092750 221.1616 124.4505  1.00252900 43847
LUCH-5A                 
1 37951U 11074B   23339.65475012 -.00000028  00000+0  00000+0 0  9997
2 37951   6.3820  88.1419 0003390 156.4954 232.2471  1.00269436 43780
BEIDOU-2 G5             
1 38091U 12008A   23339.84813800  .00000077  00000+0  00000+0 0  9996
2 38091   1.9320  69.7979 0008570 203.3681 165.2653  1.00269458 43109
BEIDOU-2 M3             
1 38250U 12018A   23340.09172918 -.00000068  00000+0  00000+0 0  9992
2 38250  56.4607 335.7947 0025394 262.6722  97.0587  1.86231351 79075
BEIDOU-2 M4             
1 38251U 12018B   23338.94886611 -.00000071  00000+0  00000+0 0  9990
2 38251  56.3709 335.1188 0016351 265.4937  94.3373  1.86232096 78711
SES-5                   
1 38652U 12036A   23340.08660308  .00000055  00000+0  00000+0 0  9997
2 38652   0.0331 317.6248 0002098 295.1662 217.9847  1.00270660 41807
BEIDOU-2 M6             
1 38775U 12050B   23339.19546655  .00000001  00000+0  00000+0 0  9998
2 38775  55.7622  93.6898 0010886 333.2610  26.6694  1.86231142 76085
GSAT-10                 
1 38779U 12051B   23339.85292425 -.00000145  00000+0  00000+0 0  9999
2 38779   0.0225 270.6331 0004924 349.3621 204.4703  1.00271150 40858
NAVSTAR 67 (USA 239)    
1 38833U 12053A   23339.45194116  .00000082  00000+0  00000+0 0  9995
2 38833  53.5114 181.4272 0147513  53.8593 307.5629  2.00568803 80894
GSAT0103 (GALILEO-FM3)  
1 38857U 12055A   23339.42959718  .00000065  00000+0  00000+0 0  9998
2 38857  55.3235 126.9603 0002517 238.0260 121.9313  1.70473667 69241
GSAT0104 (GALILEO-FM4)  
1 38858U 12055B   23339.39892673  .00000065  00000+0  00000+0 0  9991
2 38858  55.3235 126.9628 0001485 161.5738 198.4133  1.70473878 69245
BEIDOU-2 G6             
1 38953U 12059A   23339.85327292 -.00000154  00000+0  00000+0 0  9992
2 38953   2.0632  81.6113 0008251 287.1892  96.6913  1.00268590 40645
LUCH-5B                 
1 38977U 12061A   23340.20211620 -.00000117  00000+0  00000+0 0  9998
2 38977   8.4618  58.3633 0004450 162.4064 270.3639  1.00271154 40912
COSMOS 2485             
1 39155U 13019A   23339.47125607  .00000037  00000+0  00000+0 0  9997
2 39155  64.9674 104.7477 0022928 227.8424 131.9530  2.13101756 82573
NAVSTAR 68 (USA 242)    
1 39166U 13023A   23339.31658627 -.00000058  00000+0  00000+0 0  9994
2 39166  55.2824 306.4240 0117894  41.6483 319.2417  2.00564218 77333
IRNSS-1A                
1 39199U 13034A   23339.84744182  .00000092  00000+0  00000+0 0  9999
2 39199  33.6365  77.3237 0021599 185.0990 172.0742  1.00269183 38370
NAVSTAR 69 (USA 248)    
1 39533U 14008A   23339.81750704  .00000080  00000+0  00000+0 0  9994
2 39533  53.5966 186.9832 0067318 215.2187 144.4055  2.00557054 71691
ASTRA 5B                
1 39617U 14011B   23339.84108916  .00000157  00000+0  00000+0 0  9991
2 39617   0.0507 321.0810 0004465 299.9366 139.6416  1.00271946 35398
COSMOS 2492             
1 39620U 14012A   23339.42678565 -.00000042  00000+0  00000+0 0  9996
2 39620  65.7416 345.1760 0014585 312.3193  47.5934  2.13103258 75539
IRNSS-1B                
1 39635U 14017A   23339.84744182  .00000107  00000+0  00000+0 0  9993
2 39635  28.5201 256.1070 0017536 183.3302 355.0167  1.00272389 35512
LUCH-5V                 
1 39727U 14023A   23339.56877163 -.00000249  00000+0  00000+0 0  9995
2 39727   2.8094  76.9598 0004497 195.6155 100.9794  1.00268072 35085
NAVSTAR 70 (USA 251)    
1 39741U 14026A   23339.10353734 -.00000085  00000+0  00000+0 0  9995
2 39741  56.7054   7.4305 0032443 310.0187  49.7484  2.00550904 69981
COSMOS 2500             
1 40001U 14032A   23339.13958840 -.00000043  00000+0  00000+0 0  9999
2 40001  65.6798 345.0059 0008112 222.1324 137.8409  2.13106109 73748
NAVSTAR 71 (USA 256)    
1 40105U 14045A   23339.18642529  .00000069  00000+0  00000+0 0  9994
2 40105  54.8508 125.4017 0027515 116.0722 244.2007  2.00552886 67526
GSAT0201 (GALILEO 5)    
1 40128U 14050A   23337.89399355 -.00000082  00000+0  00000+0 0  9993
2 40128  49.8530 310.9424 1606145 143.7876 228.2627  1.85519719 61134
GSAT0202 (GALILEO 6)    
1 40129U 14050B   23338.15305077 -.00000082  00000+0  00000+0 0  9992
2 40129  49.8713 310.0054 1604264 144.6050 227.2081  1.85520430 63308
IRNSS-1C                
1 40269U 14061A   23339.85292425 -.00000139  00000+0  00000+0 0  9992
2 40269   4.1900 109.9632 0017687   6.3706 348.0884  1.00268515 33412
NAVSTAR 72 (USA 258)    
1 40294U 14068A   23339.55465151 -.00000057  00000+0  00000+0 0  9991
2 40294  56.2554  66.8483 0048560  62.4886 298.0238  2.00577925 66663
COSMOS 2501             
1 40315U 14075A   23338.45218695  .00000009  00000+0  00000+0 0  9996
2 40315  63.6299 222.4875 0018303 205.8271 154.1573  2.13101338 70128
NAVSTAR 73 (USA 260)    
1 40534U 15013A   23339.70016326 -.00000020  00000+0  00000+0 0  9992
2 40534  53.4203 242.4634 0085291  27.5854 332.9188  2.00548961 63284
GSAT0203 (GALILEO 7)    
1 40544U 15017A   23338.58320806 -.00000082  00000+0  00000+0 0  9991
2 40544  56.9136   6.7879 0005384 257.7118 102.2799  1.70476174 53428
GSAT0204 (GALILEO 8)    
1 40545U 15017B   23338.25052427 -.00000084  00000+0  00000+0 0  9999
2 40545  56.9196   6.8114 0005216 246.7359 113.2610  1.70475810 16460
IRNSS-1D                
1 40547U 15018A   23339.69910535 -.00000280  00000+0  00000+0 0  9992
2 40547  27.8830 256.0652 0017458 183.5238 358.1844  1.00270758 31716
BEIDOU-3S IGSO-1S       
1 40549U 15019A   23339.24520892 -.00000167  00000+0  00000+0 0  9993
2 40549  50.9367 306.4897 0036273 195.7694 113.3400  1.00292484 31795
NAVSTAR 74 (USA 262)    
1 40730U 15033A   23339.36339845 -.00000059  00000+0  00000+0 0  9990
2 40730  54.7690 304.9917 0089788  14.8430 345.4160  2.00550205 61447
BEIDOU-3S M2S           
1 40748U 15037A   23339.15076539 -.00000072  00000+0  00000+0 0  9993
2 40748  55.6087 333.6547 0012799 256.7681 103.1053  1.86233257 56898
BEIDOU-3S M1S           
1 40749U 15037B   23339.95793078 -.00000070  00000+0  00000+0 0  9994
2 40749  55.6113 333.6138 0006503 308.4714  51.4874  1.86233063 56906
GSAT0205 (GALILEO 9)    
1 40889U 15045A   23339.19203561 -.00000011  00000+0  00000+0 0  9992
2 40889  55.3142 247.1608 0005272   8.2226 351.8357  1.70472902 51241
GSAT0206 (GALILEO 10)   
1 40890U 15045B   23338.23958566 -.00000013  00000+0  00000+0 0  9992
2 40890  55.3127 247.1828 0003831  19.1662 340.8991  1.70472942 51251
BEIDOU-3S IGSO-2S       
1 40938U 15053A   23339.78364278 -.00000147  00000+0  00000+0 0  9994
2 40938  50.6664 269.6743 0046246 193.6964 348.4234  1.00262154 30080
NAVSTAR 75 (USA 265)    
1 41019U 15062A   23339.41208686 -.00000057  00000+0  00000+0 0  9995
2 41019  56.2381  66.7055 0093199 222.6871 136.6064  2.00562280 59285
GSAT-15                 
1 41028U 15065A   23339.85813146 -.00000238  00000+0  00000+0 0  9990
2 41028   0.0222 273.4832 0002653 314.3797 248.9672  1.00272164 29532
GSAT0209 (GALILEO 12)   
1 41174U 15079A   23339.58354663  .00000065  00000+0  00000+0 0  9998
2 41174  55.3413 126.6638 0001686 334.9049  25.0686  1.70474636 49014
GSAT0208 (GALILEO 11)   
1 41175U 15079B   23337.45687098  .00000055  00000+0  00000+0 0  9993
2 41175  55.3377 126.7202 0001022 350.7011   9.2729  1.70474485 49396
IRNSS-1E                
1 41241U 16003A   23338.71240472 -.00000284  00000+0  00000+0 0  9991
2 41241  31.1883  76.4198 0022666 183.3495 181.5560  1.00265455 28800
NAVSTAR 76 (USA 266)    
1 41328U 16007A   23339.49825922  .00000072  00000+0  00000+0 0  9990
2 41328  55.0524 126.1882 0073916 233.9986 125.3052  2.00571408 57293
COSMOS 2514             
1 41330U 16008A   23339.37218783 -.00000042  00000+0  00000+0 0  9990
2 41330  65.4761 344.5564 0012126 223.0837 136.8567  2.13102734 60915
IRNSS-1F                
1 41384U 16015A   23339.69965387  .00000181  00000+0  00000+0 0  9994
2 41384   3.1296 125.5640 0021075 180.7904  52.4075  1.00280341 28394
BEIDOU-2 IGSO-6         
1 41434U 16021A   23338.15514076 -.00000166  00000+0  00000+0 0  9996
2 41434  58.8840  47.3418 0049867 222.6075 314.2769  1.00265481 28195
IRNSS-1G                
1 41469U 16027A   23339.79034498 -.00000313  00000+0  00000+0 0  9990
2 41469   3.0160 127.0426 0001891 249.0399 112.3380  1.00271648 27919
GSAT0211 (GALILEO 14)   
1 41549U 16030A   23338.75185635 -.00000012  00000+0  00000+0 0  9994
2 41549  55.4602 247.1585 0004031 346.4130  13.6263  1.70473092 46899
GSAT0210 (GALILEO 13)   
1 41550U 16030B   23339.04323578 -.00000011  00000+0  00000+0 0  9998
2 41550  55.4593 247.1518 0002722 320.7227  39.3073  1.70473405 46895
COSMOS 2516             
1 41554U 16032A   23339.95381746  .00000022  00000+0  00000+0 0  9996
2 41554  63.8563 222.8621 0014845 211.9798 148.0058  2.13106522 58533
BEIDOU-2 G7             
1 41586U 16037A   23339.92132772 -.00000334  00000+0  00000+0 0  9993
2 41586   1.4445  66.0279 0009013 313.9440 136.7523  1.00271538 27521
EUTELSAT 117 WEST B     
1 41589U 16038B   23340.09979764  .00000009  00000+0  00000+0 0  9995
2 41589   0.0087 140.7649 0000195 351.0488 221.7547  1.00273510 27443
GSAT0207 (GALILEO 15)   
1 41859U 16069A   23338.11757735  .00000058  00000+0  00000+0 0  9995
2 41859  55.0057 126.7537 0001706 295.1792  64.7813  1.70474574 43613
GSAT0212 (GALILEO 16)   
1 41860U 16069B   23338.55870408  .00000060  00000+0  00000+0 0  9991
2 41860  55.0016 126.7382 0001276  28.7195 331.2671  1.70474810 43872
GSAT0213 (GALILEO 17)   
1 41861U 16069C   23339.51208353  .00000064  00000+0  00000+0 0  9997
2 41861  55.0049 126.7180 0002169 251.1302 108.8279  1.70473406 43882
GSAT0214 (GALILEO 18)   
1 41862U 16069D   23339.07255109  .00000062  00000+0  00000+0 0  9998
2 41862  55.0031 126.7241 0001298 238.4939 121.4743  1.70474876 43876
SES-15                  
1 42709U 17026A   23339.49773722  .00000079  00000+0  00000+0 0  9993
2 42709   0.0303  39.2127 0000341 222.5421 222.3151  1.00267820 24873
QZS-2 (MICHIBIKI-2)     
1 42738U 17028A   23339.64761425 -.00000194  00000+0  00000+0 0  9990
2 42738  40.8905 256.5472 0760428 269.3333 281.8660  1.00287802 23867
QZS-3 (MICHIBIKI-3)     
1 42917U 17048A   23339.91021479 -.00000328  00000+0  00000+0 0  9998
2 42917   0.0563 181.7007 0002253  84.3114 263.1634  1.00270930 22995
COSMOS 2522             
1 42939U 17055A   23338.74439175  .00000010  00000+0  00000+0 0  9993
2 42939  64.0906 223.4558 0006220 237.4909 122.5241  2.13102054 48251
QZS-4 (MICHIBIKI-4)     
1 42965U 17062A   23339.51438405 -.00000329  00000+0  00000+0 0  9995
2 42965  40.5990 355.2682 0751303 271.2668 129.7397  1.00255469 22540
BEIDOU-3 M1             
1 43001U 17069A   23339.49865497  .00000001  00000+0  00000+0 0  9992
2 43001  55.9135  93.7508 0008382 290.6224  69.2743  1.86231498 41385
BEIDOU-3 M2             
1 43002U 17069B   23338.89859869  .00000002  00000+0  00000+0 0  9993
2 43002  55.9123  93.8067 0005827 318.0730  41.8688  1.86231111 41366
GSAT0215 (GALILEO 19)   
1 43055U 17079A   23337.21508933 -.00000014  00000+0  00000+0 0  9994
2 43055  55.4374 247.0256 0002282 308.1565  51.8755  1.70473854 37184
GSAT0216 (GALILEO 20)   
1 43056U 17079B   23339.26669142 -.00000010  00000+0  00000+0 0  9998
2 43056  55.4365 246.9688 0003710 302.4726  57.5415  1.70473978 37234
GSAT0217 (GALILEO 21)   
1 43057U 17079C   23340.07367573 -.00000007  00000+0  00000+0 0  9999
2 43057  55.4343 246.9457 0003518 322.4697  37.5552  1.70473856 37235
GSAT0218 (GALILEO 22)   
1 43058U 17079D   23337.94737605 -.00000013  00000+0  00000+0 0  9996
2 43058  55.4360 247.0018 0003926 296.7424  63.2691  1.70473895 37226
BEIDOU-3 M7             
1 43107U 18003A   23339.18595547 -.00000074  00000+0  00000+0 0  9991
2 43107  55.0655 334.3298 0002755  49.7527 310.2885  1.86232545 40128
BEIDOU-3 M8             
1 43108U 18003B   23339.12480962 -.00000074  00000+0  00000+0 0  9990
2 43108  55.0586 334.3184 0004986 264.0790  95.8811  1.86231035 40137
BEIDOU-3 M4             
1 43207U 18018A   23339.02973515  .00000002  00000+0  00000+0 0  9996
2 43207  55.8720  93.8622 0003426   0.2943 359.6923  1.86231444 39516
BEIDOU-3 M3             
1 43208U 18018B   23338.02247368  .00000002  00000+0  00000+0 0  9996
2 43208  55.8707  93.9001 0005827 303.4003  56.5293  1.86231557 39491
BEIDOU-3 M9             
1 43245U 18029A   23337.17102584 -.00000079  00000+0  00000+0 0  9999
2 43245  54.9573 332.1249 0002101 271.1932  88.7944  1.86232826 38634
BEIDOU-3 M10            
1 43246U 18029B   23339.24872638 -.00000073  00000+0  00000+0 0  9998
2 43246  54.9533 332.0818 0004166 340.8639  19.1352  1.86232915 38655
IRNSS-1I                
1 43286U 18035A   23336.91038869  .00000101  00000+0  00000+0 0  9991
2 43286  28.6523  88.7697 0022420 182.1660 183.2686  1.00270114 20776
COSMOS 2527             
1 43508U 18053A   23338.70299856  .00000039  00000+0  00000+0 0  9992
2 43508  65.1278 104.8852 0008403 218.7253 141.2042  2.13102464 42555
BEIDOU-2 IGSO-7         
1 43539U 18057A   23339.46160421 -.00000040  00000+0  00000+0 0  9992
2 43539  55.1215 171.0498 0063737 229.0796 311.9375  1.00255627 19867
GSAT0221 (GALILEO 25)   
1 43564U 18060A   23337.84698303 -.00000085  00000+0  00000+0 0  9998
2 43564  57.2937   6.7588 0005627 271.9197  88.0677  1.70476127 33374
GSAT0222 (GALILEO 26)   
1 43565U 18060B   23339.23836681 -.00000079  00000+0  00000+0 0  9990
2 43565  57.2968   6.7226 0005131 249.0214 110.9767  1.70475869 33449
GSAT0219 (GALILEO 23)   
1 43566U 18060C   23337.11422813 -.00000087  00000+0  00000+0 0  9993
2 43566  57.2963   6.7820 0004858 275.9501  84.0462  1.70476133 33388
GSAT0220 (GALILEO 24)   
1 43567U 18060D   23339.09446240 -.00000079  00000+0  00000+0 0  9994
2 43567  57.2965   6.7290 0005144 273.0311  86.9630  1.70476200 33405
BEIDOU-3 M5             
1 43581U 18062A   23340.00612493  .00000038  00000+0  00000+0 0  9994
2 43581  54.1579 213.7533 0002414 329.2154  30.8546  1.86228890 36420
BEIDOU-3 M6             
1 43582U 18062B   23339.87288676  .00000036  00000+0  00000+0 0  9998
2 43582  54.1575 213.7476 0006990  30.7359 329.3889  1.86229986 36420
BEIDOU-3 M12            
1 43602U 18067A   23339.27139636  .00000031  00000+0  00000+0 0  9996
2 43602  54.2462 212.4315 0008125  26.7655 333.3600  1.86231635 35893
BEIDOU-3 M11            
1 43603U 18067B   23339.40523289  .00000032  00000+0  00000+0 0  9994
2 43603  54.2433 212.3925 0004892  21.3441 338.7599  1.86231599 35928
BEIDOU-3 M13            
1 43622U 18072A   23339.36441783  .00000000  00000+0  00000+0 0  9999
2 43622  55.8421  93.3882 0005286 281.4071  78.5204  1.86231249 35438
BEIDOU-3 M14            
1 43623U 18072B   23339.22987157  .00000000  00000+0  00000+0 0  9995
2 43623  55.8439  93.3855 0002576 314.4217  45.5441  1.86231252 35426
BEIDOU-3 M16            
1 43647U 18078A   23339.39357287 -.00000073  00000+0  00000+0 0  9991
2 43647  54.8524 332.1634 0006939 359.0240   0.9895  1.86232390 34930
BEIDOU-3 M15            
1 43648U 18078B   23339.52265719 -.00000072  00000+0  00000+0 0  9994
2 43648  54.8479 332.1623 0003866 357.8412   2.1721  1.86232270 34952
BEIDOU-3 G1             
1 43683U 18085A   23339.79270451 -.00000257  00000+0  00000+0 0  9994
2 43683   1.7245 118.5945 0001255   7.4657  13.6845  1.00268229 18792
COSMOS 2529             
1 43687U 18086A   23338.80243160  .00000010  00000+0  00000+0 0  9993
2 43687  64.3060 223.9139 0007836 266.3158  93.6694  2.13102104 39567
BEIDOU-3 M17            
1 43706U 18093A   23337.52267819  .00000012  00000+0  00000+0 0  9990
2 43706  54.2411 213.7620 0007374 293.4556  66.5511  1.86228554 34287
BEIDOU-3 M18            
1 43707U 18093B   23339.00044003  .00000025  00000+0  00000+0 0  9998
2 43707  54.2415 213.7035 0006801 330.1303  29.9139  1.86230029 34307
NAVSTAR 77 (USA 289)    
1 43873U 18109A   23338.88662045  .00000074  00000+0  00000+0 0  9991
2 43873  55.2263 128.7469 0027579 190.1648 342.3807  2.00571888 36517
BEIDOU-3 IGSO-1         
1 44204U 19023A   23338.65511420 -.00000224  00000+0  00000+0 0  9999
2 44204  57.3527  47.2824 0024270 202.3420 176.7298  1.00255638 17064
BEIDOU-2 G8             
1 44231U 19027A   23339.79357473 -.00000227  00000+0  00000+0 0  9998
2 44231   1.4695  71.8368 0004651 170.8613 261.9132  1.00271981 16815
COSMOS 2534             
1 44299U 19030A   23339.35272369  .00000014  00000+0  00000+0 0  9991
2 44299  64.3788 223.8302 0010458 290.4682 265.9035  2.13102061 35212
BEIDOU-3 IGSO-2         
1 44337U 19035A   23339.42979625 -.00000042  00000+0  00000+0 0  9998
2 44337  55.1584 166.9798 0033037 194.2015 342.7801  1.00246157 16395
NAVSTAR 78 (USA 293)    
1 44506U 19056A   23339.52701608 -.00000085  00000+0  00000+0 0  9991
2 44506  55.8323   7.7895 0038691 189.8259 342.9782  2.00567838 31527
BEIDOU-3 M24            
1 44542U 19061A   23336.92361325  .00000011  00000+0  00000+0 0  9994
2 44542  54.4684 214.0298 0008821   5.0945 354.9999  1.86231592 28522
BEIDOU-3 M23            
1 44543U 19061B   23339.46781672  .00000030  00000+0  00000+0 0  9999
2 44543  54.4663 213.9129 0005652   1.6882 176.1806  1.86232027 28572
BEIDOU-3 IGSO-3         
1 44709U 19073A   23339.27627277 -.00000195  00000+0  00000+0 0  9998
2 44709  56.3835 290.7848 0033842 190.1459 169.7495  1.00253964 15189
BEIDOU-3 M22            
1 44793U 19078A   23339.99065453 -.00000072  00000+0  00000+0 0  9991
2 44793  54.7002 332.0984 0005781   4.0537 355.9663  1.86232223 27449
BEIDOU-3 M21            
1 44794U 19078B   23338.51013570 -.00000076  00000+0  00000+0 0  9996
2 44794  54.6749 332.1300 0004008 349.5109  10.4945  1.86232712 27419
COSMOS 2544             
1 44850U 19088A   23339.58534707  .00000036  00000+0  00000+0 0  9993
2 44850  65.1146 104.6965 0012358 249.0117 110.8463  2.13102183 31019
BEIDOU-3 M19            
1 44864U 19090A   23339.34132774  .00000000  00000+0  00000+0 0  9994
2 44864  55.7764  93.5708 0016619 272.6553 118.1579  1.86231775 27019
BEIDOU-3 M20            
1 44865U 19090B   23338.63466483  .00000001  00000+0  00000+0 0  9994
2 44865  55.7776  93.6274 0014038 286.2606  80.5417  1.86231749 26973
BEIDOU-3 G2             
1 45344U 20017A   23339.85327292 -.00000122  00000+0  00000+0 0  9992
2 45344   2.1144  20.9808 0003348 230.0903 210.5298  1.00271470 13997
COSMOS 2545             
1 45358U 20018A   23339.31300445 -.00000044  00000+0  00000+0 0  9993
2 45358  64.8163 344.7285 0011907 251.4918 108.4139  2.13102689 28958
BEIDOU-3 G3             
1 45807U 20040A   23339.92132772 -.00000333  00000+0  00000+0 0  9991
2 45807   0.5798   5.1526 0010088 306.4473 205.0098  1.00265820 12807
NAVSTAR 79 (USA 304)    
1 45854U 20041A   23339.49240457 -.00000060  00000+0  00000+0 0  9993
2 45854  55.9600  65.0901 0039308 190.3384 259.6135  2.00561369 25498
GALAXY 30 (G-30)        
1 46114U 20056C   23339.66732690  .00000056  00000+0  00000+0 0  9997
2 46114   0.0119 323.8512 0002180 285.5551 300.0556  1.00272727 12027
COSMOS 2547             
1 46805U 20075A   23339.03240180  .00000012  00000+0  00000+0 0  9996
2 46805  64.6067 223.4245 0006024 239.6714 120.3441  2.13102929 24190
NAVSTAR 80 (USA 309)    
1 46826U 20078A   23340.12657522 -.00000025  00000+0  00000+0 0  9991
2 46826  54.2651 248.2962 0037734 194.1448 329.9291  2.00562701 22966
NAVSTAR 81 (USA 319)    
1 48859U 21054A   23340.11931748 -.00000083  00000+0  00000+0 0  9992
2 48859  55.3521   9.5081 0014292 221.9648 121.3359  2.00568811 18217
QZS-1R                  
1 49336U 21096A   23339.65013791 -.00000226  00000+0  00000+0 0  9994
2 49336  35.5467  93.5047 0752703 270.9403  78.2377  1.00261474  7730
GSAT0223 (GALILEO 27)   
1 49809U 21116A   23338.65888091 -.00000081  00000+0  00000+0 0  9993
2 49809  57.2875   6.6360 0003799 232.1827 310.8209  1.70476375 12400
GSAT0224 (GALILEO 28)   
1 49810U 21116B   23338.76638471 -.00000081  00000+0  00000+0 0  9992
2 49810  57.2884   6.6314 0002977 237.8328 123.6369  1.70476291 12433
COSMOS 2557             
1 52984U 22075A   23339.19544157 -.00000047  00000+0  00000+0 0  9990
2 52984  64.7361 346.8821 0014088 279.1370  80.7410  2.13102173 11001
COSMOS 2559             
1 54031U 22130A   23339.13773094 -.00000047  00000+0  00000+0 0  9995
2 54031  64.7075 347.0086 0007857 234.1959 125.7686  2.13101456  8974
COSMOS 2564             
1 54377U 22161A   23339.79966813  .00000019  00000+0  00000+0 0  9995
2 54377  64.7474 223.4683 0007798 213.8172 146.2083  2.13102253  7935
NAVSTAR 82 (USA 343)    
1 55268U 23009A   23339.66722060  .00000083  00000+0  00000+0 0  9998
2 55268  55.0858 184.7940 0005327  99.3729 313.7007  2.00578692  6701
BEIDOU-3 G4             
1 56564U 23066A   23339.72497750 -.00000093  00000+0  00000+0 0  9995
2 56564   2.6121 288.4702 0004269 236.9387 329.8344  1.00273712  2121
IRNSS-1J (NVS-01)       
1 56759U 23076A   23339.79034498 -.00000317  00000+0  00000+0 0  9994
2 56759   4.5007 270.2865 0008023 349.3859 228.7758  1.00270356  1840
