GOES 1 (SMS-C)          
1 08366U 75100A   24164.27581333 -.00000046  00000+0  00000+0 0  9994
2 08366   6.4776 286.6029 0001624 283.6223  37.5964  1.00314944177833
GOES 2                  
1 10061U 77048A   24163.84733993 -.00000217  00000+0  00000+0 0  9995
2 10061   8.1681 299.7733 0011027  46.0265 159.9855  0.99397467116204
GOES 3                  
1 10953U 78062A   24163.44326418  .00000080  00000+0  00000+0 0  9995
2 10953   8.5678 304.8899 0002106 167.7093  14.0977  0.99357452121227
GOES 4                  
1 11964U 80074A   24163.54548267 -.00000293  00000+0  00000+0 0  9990
2 11964   9.5882 308.7162 0032934  94.6789 206.3319  0.99234266120138
GOES 5                  
1 12472U 81049A   24163.61123771  .00000085  00000+0  00000+0 0  9993
2 12472  10.6797 320.7505 0001151 204.0772 175.9223  1.00294915115478
GOES 6                  
1 14050U 83041A   24164.04910248  .00000012  00000+0  00000+0 0  9992
2 14050  11.3685 326.2247 0003828 170.1192  16.6581  1.00311525208683
GOES 7                  
1 17561U 87022A   24163.78638205 -.00000143  00000+0  00000+0 0  9991
2 17561  13.5987 342.8974 0004127  87.3857 106.7388  0.99908473119636
GOES 8                  
1 23051U 94022A   24163.22221755 -.00000029  00000+0  00000+0 0  9990
2 23051  13.7965  19.0844 0006615  60.9707 294.6923  0.98905070116840
GOES 9                  
1 23581U 95025A   24163.29183441 -.00000085  00000+0  00000+0 0  9990
2 23581  13.3044  19.7020 0007206 123.4047 247.5056  0.98800602105492
GOES 10                 
1 24786U 97019A   24163.34702257 -.00000144  00000+0  00000+0 0  9997
2 24786  12.2561  26.1473 0027890 216.7804 326.1876  0.99127503 98773
GOES 11                 
1 26352U 00022A   24163.48150334 -.00000061  00000+0  00000+0 0  9992
2 26352  10.2331  53.2773 0000714 215.4871   2.2326  0.99043756 45183
GOES 12                 
1 26871U 01031A   24162.92899928 -.00000179  00000+0  00000+0 0  9996
2 26871  10.8350  43.1551 0005545 319.6744 231.3538  0.99140278 83438
EWS-G1 (GOES 13)        
1 29155U 06018A   24163.62433579  .00000031  00000+0  00000+0 0  9994
2 29155   2.6126  85.3534 0082305 255.1077  41.6803  0.99102204 66106
GOES 14                 
1 35491U 09033A   24164.05249635 -.00000062  00000+0  00000+0 0  9995
2 35491   0.3272 104.6364 0003757 347.8250  78.7326  1.00271247 54784
EWS-G2 (GOES 15)        
1 36411U 10008A   24164.15780188  .00000042  00000+0  00000+0 0  9993
2 36411   0.2886  89.5644 0001883 105.2380 184.3477  1.00268680 52266
GOES 16                 
1 41866U 16071A   24164.20221557 -.00000244  00000+0  00000+0 0  9990
2 41866   0.0724 256.8436 0000228 148.0047 213.7620  1.00272370 27721
GOES 17                 
1 43226U 18022A   24164.19638506 -.00000087  00000+0  00000+0 0  9999
2 43226   0.0044 112.1154 0000563 354.4756 120.4029  1.00272186 23066
GOES 18                 
1 51850U 22021A   24163.97500485  .00000100  00000+0  00000+0 0  9999
2 51850   0.0382 159.2524 0000276 245.7023  69.8265  1.00271406  8432
