GALAXY 25 (G-25)        
1 24812U 97026A   23339.63587382  .00000069  00000+0  00000+0 0  9996
2 24812   5.0430  78.1726 0002919 117.8655 357.3952  0.99030771 97068
INTELSAT 5 (IS-5)       
1 24916U 97046A   23339.60427594 -.00000045  00000+0  00000+0 0  9993
2 24916   8.3798  57.0614 0007217 184.2897 216.5091  1.00274644 96353
GALAXY 11 (G-11)        
1 26038U 99071A   23340.19632958 -.00000033  00000+0  00000+0 0  9995
2 26038   4.3844  81.6032 0000579 154.4291  75.6495  1.00273467 87800
INTELSAT 9 (IS-9)       
1 26451U 00043A   23339.64802476 -.00000271  00000+0  00000+0 0  9991
2 26451   8.3643  57.2542 0004552 204.1899 356.0310  1.00270120 34871
INTELSAT 1R (IS-1R)     
1 26608U 00072A   23339.65274859 -.00000120  00000+0  00000+0 0  9999
2 26608   5.7545  74.7990 0002987 232.6597 158.8521  1.00271495 32055
INTELSAT 10 (IS-10)     
1 26766U 01019A   23339.61631187  .00000051  00000+0  00000+0 0  9995
2 26766   6.8564  68.5244 0004556 189.4529 215.8417  1.00271882 36359
INTELSAT 901 (IS-901)   
1 26824U 01024A   23339.75936343 -.00000182  00000+0  00000+0 0  9999
2 26824   0.0183 347.9878 0000634 273.8291  58.3741  1.00270701 13715
INTELSAT 902 (IS-902)   
1 26900U 01039A   23339.82646934 -.00000262  00000+0  00000+0 0  9991
2 26900   3.7640  82.9084 0004567 190.8691  48.0432  1.00271948 81424
INTELSAT 904 (IS-904)   
1 27380U 02007A   23339.68729664 -.00000194  00000+0  00000+0 0  9990
2 27380   4.5861  80.0491 0003202 185.9518  26.1560  1.00272552 42495
DIRECTV 5 (TEMPO 1)     
1 27426U 02023A   23340.20772238 -.00000034  00000+0  00000+0 0  9997
2 27426   2.4996  86.7896 0003405 176.8448 135.7672  1.00271646 79045
INTELSAT 905 (IS-905)   
1 27438U 02027A   23339.68825389 -.00000165  00000+0  00000+0 0  9995
2 27438   4.4104  80.7240 0002695 170.1517  46.6434  1.00271474 42092
GALAXY 3C (G-3C)        
1 27445U 02030A   23340.21377130 -.00000131  00000+0  00000+0 0  9997
2 27445   1.3507  89.1212 0001534 183.3015 144.4540  1.00272417 78682
INTELSAT 906 (IS-906)   
1 27513U 02041A   23339.84918227  .00000034  00000+0  00000+0 0  9991
2 27513   3.4373  84.2033 0006060 177.6574 182.3684  1.00271430 77766
GALAXY 12 (G-12)        
1 27715U 03013B   23339.64365954  .00000018  00000+0  00000+0 0  9998
2 27715   4.6202  79.7650 0001679 245.9295 187.9488  0.98985611 42818
GALAXY 23 (G-23)        
1 27854U 03034A   23339.74072862  .00000033  00000+0  00000+0 0  9996
2 27854   0.8016  91.7017 0002694 158.8078 329.5537  1.00271961 74479
GALAXY 13 (HORIZONS-1)  
1 27954U 03044A   23339.73498512  .00000153  00000+0  00000+0 0  9994
2 27954   0.0135  81.6237 0000379 330.8730 136.3745  1.00271381 37303
INTELSAT 10-02          
1 28358U 04022A   23339.83621588  .00000010  00000+0  00000+0 0  9994
2 28358   0.0185 316.7406 0000812 322.1209  95.5730  1.00273051 71274
XM-3 (RHYTHM)           
1 28626U 05008A   23340.21871661 -.00000184  00000+0  00000+0 0  9993
2 28626   0.0421 147.9968 0000297  88.5491 191.8482  1.00268727 68808
DIRECTV 8               
1 28659U 05019A   23339.74081566  .00000021  00000+0  00000+0 0  9993
2 28659   0.0152 308.2287 0002833 307.6955 326.0134  1.00271965 67802
GALAXY 28 (G-28)        
1 28702U 05022A   23339.81872432 -.00000165  00000+0  00000+0 0  9994
2 28702   0.9061  90.1032 0006745 177.4437  12.5459  1.00272135 42718
GALAXY 14 (G-14)        
1 28790U 05030A   23339.84300366  .00000176  00000+0  00000+0 0  9996
2 28790   2.6286  86.1255 0001555 179.0427 145.6055  1.00273901 67030
GALAXY 15 (G-15)        
1 28884U 05041A   23339.60262348  .00000017  00000+0  00000+0 0  9997
2 28884   1.1228  85.2434 0014911 118.4240 353.8038  0.98938394 66294
SPACEWAY 2              
1 28903U 05046B   23339.65397905  .00000123  00000+0  00000+0 0  9995
2 28903   3.1478  82.5728 0000426  83.6819   4.4964  1.00271903 42079
GALAXY 16 (G-16)        
1 29236U 06023A   23340.09424324 -.00000106  00000+0  00000+0 0  9999
2 29236   0.0328 132.5776 0002470 103.7621 133.2292  1.00274416 64008
DIRECTV 9S              
1 29494U 06043A   23339.81620066 -.00000093  00000+0  00000+0 0  9991
2 29494   0.0331  65.6970 0003183 193.8525   7.4448  1.00272587 42115
XM-4 (BLUES)            
1 29520U 06049A   23339.85882701  .00000060  00000+0  00000+0 0  9990
2 29520   0.4215  95.5476 0003014 222.8363 144.6700  0.98811707 42214
GALAXY 17 (G-17)        
1 31307U 07016B   23339.81950753 -.00000186  00000+0  00000+0 0  9990
2 31307   0.6176  91.7674 0004436 188.3907   4.2463  1.00271129 60539
DIRECTV 10              
1 31862U 07032A   23339.64895220 -.00000084  00000+0  00000+0 0  9999
2 31862   0.0454 137.1134 0000913 108.2799 319.6268  1.00273993 36327
SPACEWAY 3              
1 32018U 07036A   23339.82516399 -.00000265  00000+0  00000+0 0  9995
2 32018   1.6045  87.6854 0000159 252.8616 334.1209  1.00271015 37284
INTELSAT 11 (IS-11)     
1 32253U 07044B   23339.82786170 -.00000248  00000+0  00000+0 0  9992
2 32253   1.1596  90.1080 0004434 180.3346  58.9518  1.00270295 59227
HORIZONS-2              
1 32388U 07063B   23339.82177012 -.00000233  00000+0  00000+0 0  9995
2 32388   0.2070  91.0107 0002145 170.8030  34.5944  1.00270747 58543
DIRECTV 11              
1 32729U 08013A   23340.09424324 -.00000105  00000+0  00000+0 0  9990
2 32729   0.0413 128.3377 0001063  12.3055 228.7448  1.00271419 57675
GALAXY 18 (G-18)        
1 32951U 08024A   23339.74029351  .00000045  00000+0  00000+0 0  9992
2 32951   0.0177 351.0679 0003005 262.7400 323.9736  1.00272662 36588
INTELSAT 25 (IS-25)     
1 33153U 08034A   23340.09771441 -.00000202  00000+0  00000+0 0  9998
2 33153   0.3155  90.8533 0003072 168.9375 178.5289  1.00273200 56376
GALAXY 19 (G-19)        
1 33376U 08045A   23339.81707088 -.00000119  00000+0  00000+0 0  9998
2 33376   0.0380  92.1743 0003004 165.5083  13.8249  1.00272089 55631
FM-5                    
1 35493U 09034A   23339.81924645 -.00000180  00000+0  00000+0 0  9997
2 35493   0.0185 318.9860 0001089 232.3456  91.8287  1.00270142 37370
INTELSAT 14 (IS-14)     
1 36097U 09064A   23339.82751361 -.00000253  00000+0  00000+0 0  9996
2 36097   0.0186 300.7885 0002346 311.5452  74.9547  1.00272523 51339
INTELSAT 15 (IS-15)     
1 36106U 09067A   23339.85335937 -.00000165  00000+0  00000+0 0  9992
2 36106   0.0004  10.0970 0001535 245.7149 210.9476  1.00271914 31968
DIRECTV 12              
1 36131U 09075A   23340.19121427 -.00000082  00000+0  00000+0 0  9993
2 36131   0.0026 192.2336 0000532 321.1694 247.4495  1.00272203 51127
INTELSAT 16 (IS-16)     
1 36397U 10006A   23339.82124797 -.00000224  00000+0  00000+0 0  9992
2 36397   0.0099 349.8102 0002150 268.3436  35.6623  1.00270864 50384
XM-5                    
1 37185U 10053A   23339.67024017 -.00000003  00000+0  00000+0 0  9992
2 37185   0.0186 289.2246 0000469 231.7430  39.3478  1.00269901 48210
INTELSAT 17 (IS-17)     
1 37238U 10065B   23339.84953036  .00000018  00000+0  00000+0 0  9990
2 37238   0.0194 307.3259 0002557 310.4810 188.4179  1.00271934 43972
INTELSAT NEW DAWN       
1 37392U 11016A   23339.86438410  .00000176  00000+0  00000+0 0  9999
2 37392   0.0135 323.4488 0001463 313.5939 141.3328  1.00270411 44011
INTELSAT 18 (IS-18)     
1 37834U 11056A   23339.80062358  .00000073  00000+0  00000+0 0  9998
2 37834   0.0165 313.6979 0001964 302.0194 286.8608  1.00272387 44541
INTELSAT 22 (IS-22)     
1 38098U 12011A   23340.06577325 -.00000038  00000+0  00000+0 0  9990
2 38098   0.0030 359.8492 0003190 250.7595 279.7741  1.00273468 42788
INTELSAT 19 (IS-19)     
1 38356U 12030A   23340.19285509 -.00000035  00000+0  00000+0 0  9999
2 38356   0.0108   7.9245 0003007 244.8009  57.4316  1.00271844 42245
INTELSAT 20 (IS-20)     
1 38740U 12043A   23339.85005250 -.00000004  00000+0  00000+0 0  9990
2 38740   0.0096  97.2114 0002035  89.4846 262.2077  1.00270535 41488
INTELSAT 21 (IS-21)     
1 38749U 12045A   23339.82490293 -.00000264  00000+0  00000+0 0  9991
2 38749   0.0225 271.9470 0002707 335.9304  65.4630  1.00273160 41251
INTELSAT 23 (IS-23)     
1 38867U 12057A   23339.82586017 -.00000264  00000+0  00000+0 0  9995
2 38867   0.0150 238.4219 0000987  45.5833  34.6898  1.00277155 40674
FM-6                    
1 39360U 13058A   23340.09979764  .00000004  00000+0  00000+0 0  9993
2 39360   0.0144 332.2226 0000475 185.8419 196.3358  1.00268608 37088
INTELSAT 30 (IS-30)     
1 40271U 14062A   23339.81750600 -.00000130  00000+0  00000+0 0  9997
2 40271   0.0102 352.8963 0001138  16.6989 264.0115  1.00270075 33329
DIRECTV 14              
1 40333U 14078B   23340.09424324 -.00000105  00000+0  00000+0 0  9998
2 40333   0.0171 303.8495 0000049 162.6643 262.8253  1.00272433 32989
DIRECTV 15              
1 40663U 15026A   23340.19121354 -.00000081  00000+0  00000+0 0  9999
2 40663   0.0180  53.6294 0000348  98.8559 248.2285  1.00268961 31275
SKY MEXICO-1            
1 40664U 15026B   23339.82072583 -.00000214  00000+0  00000+0 0  9995
2 40664   0.0143 359.5910 0002487 266.6236  24.8475  1.00270275 31181
INTELSAT 34 (IS-34)     
1 40874U 15039A   23340.17346771 -.00000264  00000+0  00000+0 0  9990
2 40874   0.0210 321.4942 0000712   2.6475 117.5411  1.00270241 30355
INTELSAT 31 (IS-31)     
1 41581U 16035A   23340.21377118 -.00000129  00000+0  00000+0 0  9997
2 41581   0.0114 331.0334 0001758 204.3280 241.2751  1.00267372 27429
INTELSAT 36 (IS-36)     
1 41747U 16053A   23339.85005250 -.00000005  00000+0  00000+0 0  9997
2 41747   0.0117 340.3708 0002028  36.9253  71.6167  1.00271219 26682
INTELSAT 33E (IS-33E)   
1 41748U 16053B   23340.01299259  .00000069  00000+0  00000+0 0  9991
2 41748   0.0132 300.6220 0002094 317.0274 241.5799  1.00272909 26953
INTELSAT 32E (IS-32E)   
1 41945U 17007B   23339.82786170 -.00000249  00000+0  00000+0 0  9991
2 41945   0.0178 356.2629 0000332 144.8039 188.1615  1.00269898 24965
INTELSAT 35E (IS-35E)   
1 42818U 17041A   23339.82960215 -.00000217  00000+0  00000+0 0  9998
2 42818   0.0175 290.6163 0001827 330.9336  76.9855  1.00273551 23548
INTELSAT 37E (IS-37E)   
1 42950U 17059A   23339.83282200 -.00000120  00000+0  00000+0 0  9999
2 42950   0.0177 328.3760 0002847 283.2256 104.5896  1.00270712 22798
AZERSPACE 2 (IS-38)     
1 43632U 18074A   23339.84563403  .00000156  00000+0  00000+0 0  9991
2 43632   0.0175 347.0966 0001413 270.8726 165.9642  1.00271090 19170
HORIZONS-3E             
1 43633U 18074B   23340.18938358 -.00000009  00000+0  00000+0 0  9994
2 43633   0.0146  98.1474 0001071 195.4809  18.2846  1.00270582 19059
AT&T T-16               
1 44333U 19034A   23339.81628767 -.00000095  00000+0  00000+0 0  9992
2 44333   0.0184 338.6273 0000536 120.9790 167.7627  1.00270238 16361
INTELSAT 39 (IS-39)     
1 44476U 19049B   23340.01299259  .00000054  00000+0  00000+0 0  9994
2 44476   0.0159 310.9648 0000810 188.7499   1.4675  1.00271001 15863
GALAXY 30 (G-30)        
1 46114U 20056C   23339.66732690  .00000056  00000+0  00000+0 0  9997
2 46114   0.0119 323.8512 0002180 285.5551 300.0556  1.00272727 12027
GALAXY 33 (G-33)        
1 54026U 22128A   23339.42549531  .00000098  00000+0  00000+0 0  9990
2 54026   0.0088 327.5193 0001886 281.2648 205.3768  1.00273560  4480
GALAXY 34 (G-34)        
1 54027U 22128B   23340.09225153  .00000080  00000+0  00000+0 0  9998
2 54027   0.0068   4.9373 0001351 240.2910  93.5980  1.00271065  4503
GALAXY 31 (G-31)        
1 54243U 22153A   23339.91293817  .00000034  00000+0  00000+0 0  9996
2 54243   0.0136 295.1001 0002741 335.7957  11.2242  1.00272333  3872
GALAXY 32 (G-32)        
1 54244U 22153B   23339.31692770 -.00000156  00000+0  00000+0 0  9998
2 54244   0.0132 323.4989 0002192 345.5990 147.8666  1.00271435  3873
GALAXY 35 (G-35)        
1 54741U 22170A   23339.81785410 -.00000142  00000+0  00000+0 0  9993
2 54741   0.0198 317.0780 0001640 307.8324  10.7720  1.00270388  3622
GALAXY 36 (G-36)        
1 54742U 22170B   23339.81872432 -.00000165  00000+0  00000+0 0  9990
2 54742   0.0198 311.1217 0000630 172.9387 156.0446  1.00270981  3506
GALAXY 37 (G-37)        
1 57493U 23112A   23339.66483598  .00000068  00000+0  00000+0 0  9998
2 57493   0.0153 333.0978 0002071 280.7966 292.6703  1.00272615  1273
