STARLINK-30861          
1 58230U 23171A   23339.91667824  .00029971  00000+0  15406-2 0  9990
2 58230  43.0001  95.3832 0001396 260.3110 196.6786 15.15936538  5677
STARLINK-30867          
1 58231U 23171B   23339.91667824  .00036089  00000+0  18509-2 0  9996
2 58231  43.0001  95.3530 0001385 275.2553 194.1035 15.15939614  5675
STARLINK-30880          
1 58232U 23171C   23340.25001157  .00022626  00000+0  11668-2 0  9998
2 58232  43.0001  93.4719 0001772 236.6146 266.5472 15.15945930  5579
STARLINK-30777          
1 58233U 23171D   23340.25001157  .00060889  00000+0  31040-2 0  9998
2 58233  43.0000  93.4127 0001698 236.5049 291.4197 15.15939314  5570
STARLINK-30860          
1 58234U 23171E   23340.25001157  .00060836  00000+0  31028-2 0  9997
2 58234  43.0002  93.4426 0001005 272.5270 243.0809 15.15922952  5633
STARLINK-30879          
1 58235U 23171F   23340.25001157 -.02166081  00000+0 -98553-1 0  9996
2 58235  43.0001  92.7455 0001166 271.3465 173.6773 15.23804738  5580
STARLINK-30853          
1 58236U 23171G   23340.25001157  .00053668  00000+0  27432-2 0  9998
2 58236  43.0003  93.3521 0001445 235.3415 317.4743 15.15899226  5637
STARLINK-30866          
1 58237U 23171H   23340.25001157 -.02157302  00000+0 -10600+0 0  9999
2 58237  43.0006  92.8703 0001414 270.2062 123.6341 15.21210965  5645
STARLINK-30817          
1 58238U 23171J   23340.25001157  .00067510  00000+0  34386-2 0  9997
2 58238  43.0005  93.2926 0001758 263.3096 314.4638 15.15923685  5640
STARLINK-30847          
1 58239U 23171K   23339.91667824 -.00001631  00000+0 -71596-4 0  9998
2 58239  43.0007  95.1134 0001805 272.2165 296.7735 15.15953106  5678
STARLINK-30848          
1 58240U 23171L   23339.91667824 -.02196331  00000+0 -94420-1 0  9992
2 58240  43.0001  94.5949 0001522 273.6997 149.6881 15.25729571  5671
STARLINK-30843          
1 58241U 23171M   23340.25001157 -.02169782  00000+0 -96176-1 0  9993
2 58241  43.0000  92.6976 0001336 270.3329 194.0614 15.24676015  5644
STARLINK-30877          
1 58242U 23171N   23340.16667824 -.02170456  00000+0 -10246+0 0  9995
2 58242  43.0003  93.2807 0001463 265.0031  54.1763 15.22580520  5622
STARLINK-30864          
1 58243U 23171P   23340.16667824 -.00800790  00000+0 -43724-1 0  9994
2 58243  43.0009  93.5741 0001141 279.5537 277.3491 15.16468199  5518
STARLINK-30854          
1 58244U 23171Q   23340.16667824 -.00271051  00000+0 -14322-1 0  9999
2 58244  43.0006  93.6045 0001572 262.1589 282.4608 15.16123379  5635
STARLINK-30849          
1 58245U 23171R   23339.91667824 -.02232286  00000+0 -11652+0 0  9991
2 58245  43.0006  94.9389 0001398 265.5042  15.3268 15.18681894  5670
STARLINK-30886          
1 58246U 23171S   23340.16667824 -.02171171  00000+0 -11589+0 0  9995
2 58246  43.0007  93.4899 0001367 256.8985 335.2462 15.18420076  5625
STARLINK-30850          
1 58247U 23171T   23340.16667824 -.02090983  00000+0 -11278+0 0  9992
2 58247  43.0007  93.5177 0001145 265.4877 315.0224 15.17914175  5467
STARLINK-30823          
1 58248U 23171U   23339.91667824 -.02192465  00000+0 -11157+0 0  9998
2 58248  43.0006  94.8578 0001508 266.9839  47.5010 15.20088055  5679
STARLINK-30873          
1 58249U 23171V   23340.16667824 -.02144309  00000+0 -11125+0 0  9997
2 58249  43.0008  93.4344 0001524 261.7950 353.1338 15.19340829  5636
STARLINK-30808          
1 58250U 23171W   23340.16667824  .00122763  00000+0  62075-2 0  9998
2 58250  43.0007  93.3827 0002212 256.6414  15.1001 15.15854956  5623
STARLINK-30881          
1 58251U 23171X   23340.16667824 -.02170501  00000+0 -87320-1 0  9995
2 58251  43.0004  91.7176 0002267 240.9886 351.7614 15.27844228  5587
STARLINK-30883          
1 58252U 23171Y   23340.16667824 -.02167834  00000+0 -10005+0 0  9995
2 58252  43.0002  93.2294 0001447 256.6681  83.3639 15.23330717  5630
CHINASAT 6E (ZX 6E)     
1 58253U 23172A   23340.03105196 -.00000341  00000+0  00000+0 0  9992
2 58253   0.0307 229.3875 0001113 223.1891 108.6764  1.00274375   385
CZ-3B R/B               
1 58254U 23172B   23339.79506936  .00097167  88757-6  21673-2 0  9996
2 58254  28.3596 205.7442 7197858 195.7887 116.7839  2.43396417   636
DRAGON CRS-29           
1 58255U 23173A   23339.58703728  .00015059  00000+0  26943-3 0  9997
2 58255  51.6407 199.5862 0001156  12.7831  76.8411 15.50199867428377
CONNECTA T3.1           
1 58256U 23174A   23339.88804945  .00010016  00000+0  55352-3 0  9999
2 58256  97.4772  52.3887 0010855 194.5692 165.5229 15.14044770  4256
2023-174B               
1 58257U 23174B   23339.89198001  .00015960  00000+0  88112-3 0  9993
2 58257  97.4787  52.3890 0012574 200.9348 159.1370 15.13950026  4252
2023-174C               
1 58258U 23174C   23339.89356610  .00008187  00000+0  45859-3 0  9990
2 58258  97.4759  52.3791 0012135 198.7888 161.2897 15.13611618  4257
2023-174D               
1 58259U 23174D   23339.89195182  .00007936  00000+0  44353-3 0  9995
2 58259  97.4763  52.3828 0012345 195.9655 164.1189 15.13699889  4250
2023-174E               
1 58260U 23174E   23339.89043460  .00014058  00000+0  77642-3 0  9998
2 58260  97.4833  52.4037 0012275 197.2211 162.8606 15.13968233  4259
VERONIKA                
1 58261U 23174F   23339.89096665  .00013196  00000+0  72953-3 0  9996
2 58261  97.4846  52.4067 0013471 195.1414 164.9416 15.13933284  4258
2023-174G               
1 58262U 23174G   23339.89241307  .00013891  00000+0  76997-3 0  9996
2 58262  97.4822  52.3978 0012961 196.5872 163.4938 15.13833690  4252
2023-174H               
1 58263U 23174H   23339.89075326  .00012174  00000+0  67378-3 0  9999
2 58263  97.4778  52.3872 0011388 199.3269 160.7532 15.13936493  4254
2023-174J               
1 58264U 23174J   23339.89141707  .00010404  00000+0  57822-3 0  9994
2 58264  97.4865  52.4124 0012889 196.7885 163.2921 15.13812487  4251
PEARL 1H                
1 58265U 23174K   23339.89158736  .00006914  00000+0  38723-3 0  9995
2 58265  97.4732  52.3719 0010380 196.5889 163.5004 15.13688103  4251
DJIBOUTI 1A             
1 58266U 23174L   23339.88815859  .00012899  00000+0  70974-3 0  9994
2 58266  97.4869  52.4164 0013532 191.2796 168.8135 15.14107737  4252
2023-174M               
1 58267U 23174M   23339.88857412  .00015787  00000+0  86785-3 0  9992
2 58267  97.4756  52.3834 0010925 197.2700 162.8161 15.14121221  4252
CONNECTA T3.2           
1 58268U 23174N   23339.88997270  .00009188  00000+0  51052-3 0  9997
2 58268  97.4791  52.3922 0011327 195.3651 164.7238 15.13873544  4258
IRIS-C2                 
1 58269U 23174P   23339.88578014  .00012519  00000+0  68641-3 0  9993
2 58269  97.4844  52.4128 0012552 189.8676 170.2311 15.14252215  4254
FLOCK 4Q-1              
1 58270U 23174Q   23339.88516403  .00006819  00000+0  37740-3 0  9991
2 58270  97.4831  52.4114 0011243 187.5837 172.5227 15.14110487  4252
FLOCK 4Q-16             
1 58271U 23174R   23339.88601300  .00006390  00000+0  35471-3 0  9996
2 58271  97.4798  52.3991 0011236 188.4730 171.6314 15.14032190  4252
2023-174S               
1 58272U 23174S   23339.88477165  .00010620  00000+0  58370-3 0  9991
2 58272  97.4800  52.3997 0009176 180.7770 179.3449 15.14237030  4256
FLOCK 4Q-11             
1 58273U 23174T   23339.88541795  .00006324  00000+0  35061-3 0  9991
2 58273  97.4822  52.4079 0011026 187.7530 172.3533 15.14079492  4254
FLOCK 4Q-36             
1 58274U 23174U   23339.88128357  .00006608  00000+0  36347-3 0  9990
2 58274  97.4830  52.4190 0010665 182.5788 177.5391 15.14349240  4254
FLOCK 4Q-12             
1 58275U 23174V   23339.88476152  .00007065  00000+0  39064-3 0  9997
2 58275  97.4790  52.3980 0010436 185.4911 174.6208 15.14142759  4253
2023-174W               
1 58276U 23174W   23339.88569279  .00004977  00000+0  27737-3 0  9994
2 58276  97.4738  52.3809 0010091 185.5490 174.5632 15.14010377  4256
2023-174X               
1 58277U 23174X   23339.88378478  .00009622  00000+0  52854-3 0  9994
2 58277  97.4792  52.3980 0009332 178.1741 181.9527 15.14286087  4258
FLOCK 4Q-19             
1 58278U 23174Y   23339.88366921  .00006900  00000+0  38097-3 0  9994
2 58278  97.4777  52.3938 0009836 182.2069 177.9121 15.14207349  4252
FLOCK 4Q-8              
1 58279U 23174Z   23339.88347610  .00006216  00000+0  34360-3 0  9998
2 58279  97.4848  52.4189 0011686 185.6391 174.4711 15.14190918  4252
FLOCK 4Q-28             
1 58280U 23174AA  23339.88322169  .00006516  00000+0  35980-3 0  9994
2 58280  97.4832  52.4160 0010540 184.5397 175.5741 15.14219796  4259
AETHER-1                
1 58281U 23174AB  23339.87991496  .00011750  00000+0  63847-3 0  9998
2 58281  97.4817  52.4142 0010193 181.0734 179.0478 15.14612466  4251
FLOCK 4Q-27             
1 58282U 23174AC  23339.88183492  .00006627  00000+0  36493-3 0  9993
2 58282  97.4782  52.3964 0009910 177.3171 182.8115 15.14315567  4254
FLOCK 4Q-17             
1 58283U 23174AD  23339.88024470  .00008191  00000+0  44802-3 0  9995
2 58283  97.4771  52.3962 0010042 177.7559 182.3719 15.14480653  4257
FLOCK 4Q-26             
1 58284U 23174AE  23339.88087873  .00007022  00000+0  38553-3 0  9990
2 58284  97.4838  52.4214 0011013 182.8430 177.2741 15.14392032  4258
FLOCK 4Q-31             
1 58285U 23174AF  23339.88069203  .00007110  00000+0  39021-3 0  9997
2 58285  97.4853  52.4250 0011646 183.2490 176.8668 15.14394439  4255
FLOCK 4Q-30             
1 58286U 23174AG  23339.94647479  .00006881  00000+0  37747-3 0  9999
2 58286  97.4854  52.4897 0012000 181.6154 178.5041 15.14419121  4269
2023-174AH              
1 58287U 23174AH  23339.87965024  .00009218  00000+0  50286-3 0  9991
2 58287  97.4782  52.3984 0010253 173.5386 186.5980 15.14536554  4251
ICEYE-X31               
1 58288U 23174AJ  23340.20849635  .00011992  00000+0  64928-3 0  9990
2 58288  97.4821  52.7423 0010308 180.0278 180.0955 15.14733268  4300
2023-174AK              
1 58289U 23174AK  23339.66834513  .00049724  00000+0  25354-2 0  9991
2 58289  97.4901  52.2620 0011234 191.0490 169.0498 15.16519607  4222
2023-174AL              
1 58290U 23174AL  23339.86462539  .00045963  00000+0  23301-2 0  9991
2 58290  97.4895  52.4585 0010693 190.2242 169.8775 15.16750884  4255
FALCONSAT-10            
1 58291U 23174AM  23339.88077050  .00004765  00000+0  26339-3 0  9994
2 58291  97.4806  52.4097 0010933 175.1240 185.0101 15.14312267  4253
UMBRA-08                
1 58292U 23174AN  23339.87414968  .00022198  00000+0  11758-2 0  9995
2 58292  97.4798  52.4122 0010058 178.2869 181.8400 15.15375320  4258
ICEYE-X32               
1 58293U 23174AP  23339.87633779  .00013739  00000+0  74024-3 0  9996
2 58293  97.4810  52.4174 0010520 179.5153 180.6091 15.14872625  4257
ICEYE-X34               
1 58294U 23174AQ  23339.87637753  .00013054  00000+0  70418-3 0  9996
2 58294  97.4820  52.4201 0010629 180.1932 179.9298 15.14840668  4255
2023-174AR              
1 58295U 23174AR  23340.20921793  .00005637  00000+0  30942-3 0  9992
2 58295  97.4807  52.7372 0011251 175.0173 185.1173 15.14480835  4308
PELICAN 3001            
1 58296U 23174AS  23339.87850428  .00004896  00000+0  26936-3 0  9994
2 58296  97.4807  52.4141 0011464 177.2020 182.9278 15.14463478  4250
UMBRA-07                
1 58297U 23174AT  23340.20103773  .00021642  00000+0  11390-2 0  9993
2 58297  97.4797  52.7416 0010814 175.4346 184.6987 15.15602223  4302
SPIP                    
1 58298U 23174AU  23339.87713422  .00003947  00000+0  21749-3 0  9991
2 58298  97.4818  52.4191 0012078 177.2733 182.8567 15.14522115  4256
AETHER-2                
1 58299U 23174AV  23340.20377752  .00012306  00000+0  66040-3 0  9995
2 58299  97.4793  52.7359 0011468 172.1252 188.0162 15.15031460  4304
ION SCV-013             
1 58300U 23174AW  23339.41620091  .00004394  00000+0  24867-3 0  9995
2 58300  97.4809  51.9563 0013390 213.2390 146.8001 15.13487554  4186
IMPULSE-1 MIRA          
1 58301U 23174AX  23340.20569554  .00004617  00000+0  25271-3 0  9999
2 58301  97.4824  52.7487 0012576 173.9989 186.1396 15.14664251  4309
ICEYE-X35               
1 58302U 23174AY  23340.20208737  .00012026  00000+0  64337-3 0  9992
2 58302  97.4820  52.7506 0011874 176.8752 183.2557 15.15142703  4309
FLOCK 4Q-25             
1 58303U 23174AZ  23340.20371437  .00007839  00000+0  42382-3 0  9993
2 58303  97.4760  52.7276 0010985 168.3833 191.7655 15.14898627  4300
FLOCK 4Q-29             
1 58304U 23174BA  23339.87344776  .00006676  00000+0  36184-3 0  9992
2 58304  97.4854  52.4333 0012508 173.0712 187.0695 15.14854626  4255
FLOCK 4Q-18             
1 58305U 23174BB  23340.20248211  .00007319  00000+0  39491-3 0  9998
2 58305  97.4763  52.7295 0011232 168.0133 192.1368 15.14994500  4305
FLOCK 4Q-22             
1 58306U 23174BC  23339.74102142  .00006937  00000+0  37581-3 0  9991
2 58306  97.4771  52.2750 0011654 170.6843 189.4607 15.14864148  4232
FLOCK 4Q-23             
1 58307U 23174BD  23340.20247241  .00007636  00000+0  41191-3 0  9994
2 58307  97.4843  52.7592 0012865 173.3838 186.7567 15.14971651  4302
FLOCK 4Q-33             
1 58308U 23174BE  23340.20004179  .00006897  00000+0  36989-3 0  9993
2 58308  97.4781  52.7361 0012101 169.7490 190.3991 15.15218785  4309
FLOCK 4Q-35             
1 58309U 23174BF  23340.20168485  .00006812  00000+0  36752-3 0  9990
2 58309  97.4832  52.7579 0012987 176.4654 183.6673 15.15003811  4301
FLOCK 4Q-32             
1 58310U 23174BG  23339.87113185  .00017739  00000+0  94556-3 0  9996
2 58310  97.4848  52.4356 0012746 171.5650 188.5799 15.15172365  4253
FLOCK 4Q-14             
1 58311U 23174BH  23340.20142499  .00006214  00000+0  33578-3 0  9999
2 58311  97.4769  52.7340 0011321 166.6693 193.4841 15.15003938  4300
FLOCK 4Q-3              
1 58312U 23174BJ  23339.73689379  .00018745  00000+0  99222-3 0  9999
2 58312  97.4840  52.3053 0012123 171.1099 189.0350 15.15415762  4230
FLOCK 4Q-20             
1 58313U 23174BK  23340.20106105  .00007738  00000+0  41633-3 0  9998
2 58313  97.4835  52.7579 0013070 171.6443 188.5009 15.15056805  4304
FLOCK 4Q-24             
1 58314U 23174BL  23340.20124515  .00006309  00000+0  34069-3 0  9992
2 58314  97.4776  52.7345 0012257 167.6535 192.5000 15.15008923  4307
FLOCK 4Q-6              
1 58315U 23174BM  23340.20159558  .00005744  00000+0  31093-3 0  9994
2 58315  97.4772  52.7332 0011931 166.6093 193.5458 15.14963055  4309
FLOCK 4Q-34             
1 58316U 23174BN  23339.87028524  .00008043  00000+0  43271-3 0  9990
2 58316  97.4788  52.4135 0012920 170.6977 189.4497 15.15047773  4252
KAFASAT                 
1 58317U 23174BP  23340.19750104  .00014510  00000+0  76685-3 0  9995
2 58317  97.4799  52.7446 0012838 172.0997 188.0440 15.15520137  4308
FLOCK 4Q-7              
1 58318U 23174BQ  23340.19999039  .00006081  00000+0  32775-3 0  9994
2 58318  97.4839  52.7596 0013156 169.3088 190.8426 15.15080313  4306
FLOCK 4Q-15             
1 58319U 23174BR  23340.19967819  .00006768  00000+0  36371-3 0  9994
2 58319  97.4834  52.7574 0012558 166.4338 193.7234 15.15152276  4306
FLOCK 4Q-2              
1 58320U 23174BS  23340.19969843  .00005839  00000+0  31480-3 0  9999
2 58320  97.4786  52.7411 0012335 166.0521 194.1054 15.15099365  4301
PROTOMETHEE             
1 58321U 23174BT  23340.20019785  .00005960  00000+0  32176-3 0  9991
2 58321  97.4742  52.7265 0011203 162.3924 197.7699 15.15051629  4305
FLOCK 4Q-9              
1 58322U 23174BU  23340.19937515  .00005980  00000+0  32211-3 0  9992
2 58322  97.4800  52.7463 0012667 166.5098 193.6475 15.15116857  4306
2023-174BV              
1 58323U 23174BV  23339.86992396  .00004818  00000+0  26086-3 0  9995
2 58323  97.4877  52.4441 0013300 166.8260 193.3322 15.15023918  4250
FLOCK 4Q-10             
1 58324U 23174BW  23340.19958560  .00005740  00000+0  30965-3 0  9995
2 58324  97.4806  52.7481 0012380 164.8066 195.3540 15.15083991  4306
FLOCK 4Q-5              
1 58325U 23174BX  23339.86875931  .00007281  00000+0  39082-3 0  9999
2 58325  97.4826  52.4309 0013196 168.0941 192.0606 15.15161577  4257
2023-174BY              
1 58326U 23174BY  23339.88417399  .00008006  00000+0  44138-3 0  9996
2 58326  97.4772  52.3935 0010638 185.6625 174.4488 15.14198656  4253
FLOCK 4Q-4              
1 58327U 23174BZ  23339.88401060  .00006617  00000+0  36573-3 0  9995
2 58327  97.4778  52.3948 0010289 184.3232 175.7913 15.14178842  4258
FLOCK 4Q-13             
1 58328U 23174CA  23339.88433689  .00006014  00000+0  33301-3 0  9995
2 58328  97.4840  52.4142 0012033 185.6594 174.4504 15.14138910  4254
FLOCK 4Q-21             
1 58329U 23174CB  23339.88299968  .00007805  00000+0  42943-3 0  9997
2 58329  97.4841  52.4183 0011079 184.8981 175.2144 15.14276028  4253
2023-174CC              
1 58330U 23174CC  23340.19468165  .00007202  00000+0  38378-3 0  9990
2 58330  97.4745  52.7374 0010416 156.6504 203.5204 15.15448426  4307
2023-174CD              
1 58331U 23174CD  23340.19335094  .00010441  00000+0  55159-3 0  9990
2 58331  97.4756  52.7420 0010915 157.4790 202.6923 15.15636690  4302
2023-174CE              
1 58332U 23174CE  23340.19122937  .00017653  00000+0  91998-3 0  9994
2 58332  97.4748  52.7404 0011046 158.2282 201.9422 15.15991343  4302
2023-174CF              
1 58333U 23174CF  23340.19231086  .00013385  00000+0  70277-3 0  9996
2 58333  97.4757  52.7426 0011014 156.3231 203.8510 15.15790801  4300
2023-174CG              
1 58334U 23174CG  23340.19367466  .00007920  00000+0  42041-3 0  9995
2 58334  97.4855  52.7707 0012819 158.3625 201.8152 15.15531350  4307
2023-174CH              
1 58335U 23174CH  23339.85788878  .00019945  00000+0  10266-2 0  9994
2 58335  97.4771  52.4281 0011283 163.4222 196.7382 15.16399763  4255
2023-174CJ              
1 58336U 23174CJ  23340.19346826  .00007747  00000+0  41155-3 0  9996
2 58336  97.4757  52.7426 0010594 155.0139 205.1609 15.15529528  4308
2023-174CK              
1 58337U 23174CK  23340.18715919  .00019004  00000+0  97757-3 0  9997
2 58337  97.4824  52.7720 0012147 163.3775 196.7858 15.16423030  4308
2023-174CL              
1 58338U 23174CL  23339.85941450  .00014233  00000+0  74273-3 0  9998
2 58338  97.4793  52.4329 0011057 155.9061 204.2691 15.15990767  4259
PLATFORM 5              
1 58339U 23174CM  23340.18924980  .00013582  00000+0  70850-3 0  9999
2 58339  97.4851  52.7751 0012149 155.7381 204.4426 15.16005339  4300
2023-174CN              
1 58340U 23174CN  23340.19119916  .00007332  00000+0  38800-3 0  9992
2 58340  97.4819  52.7632 0011956 153.3804 206.8045 15.15673795  4302
NINJASAT                
1 58341U 23174CP  23340.18928140  .00011622  00000+0  60851-3 0  9997
2 58341  97.4787  52.7567 0010870 152.2432 207.9383 15.15923436  4300
PEARL 1C                
1 58342U 23174CQ  23339.85644106  .00007416  00000+0  38905-3 0  9998
2 58342  97.4819  52.4445 0012872 150.1375 210.0595 15.15969072  4256
O3B MPOWER F5           
1 58346U 23175A   23325.69311908  .00000058  00000+0  50127-2 0  9995
2 58346   8.4571 187.3194 1908917 205.9278 143.1395  7.26074766   645
O3B MPOWER F6           
1 58347U 23175B   23325.95605146  .00000058  00000+0  48653-2 0  9996
2 58347   8.4866 187.0749 1913368 206.5405 142.2661  7.26511688   657
FALCON 9 R/B            
1 58348U 23175C   23339.78506072  .00000050  00000+0 -10157-2 0  9992
2 58348   9.0098 166.5128 1972212 248.0579  89.9021  7.34850807  1680
HAIYANG-3A              
1 58349U 23176A   23340.16383352  .00000317  00000+0  12917-3 0  9994
2 58349  98.6462  47.7308 0014002 242.3473 117.6290 14.34063535  2863
STARLINK-30901          
1 58351U 23177A   23340.25001157  .00115581  00000+0  75838-3 0  9999
2 58351  43.0027 159.5780 0001885 274.1386  10.3101 15.74637501  4041
STARLINK-30907          
1 58352U 23177B   23339.91667824 -.01697509  00000+0 -25025-1 0  9999
2 58352  43.0006 162.2734 0001573 273.9931   9.6492 15.57563746  4040
STARLINK-30896          
1 58353U 23177C   23339.91667824 -.01695057  00000+0 -27759-1 0  9992
2 58353  43.0005 162.5423 0001353 280.4392 253.8345 15.54757465  3889
STARLINK-30832          
1 58354U 23177D   23339.91667824 -.01693817  00000+0 -27736-1 0  9990
2 58354  43.0006 162.5422 0001191 276.8029 256.2761 15.54759224  3925
STARLINK-30903          
1 58355U 23177E   23339.91667824 -.01695782  00000+0 -27773-1 0  9995
2 58355  43.0006 162.5402 0001369 278.3605 256.5107 15.54756611  4057
STARLINK-30905          
1 58356U 23177F   23339.91667824 -.01693941  00000+0 -27743-1 0  9998
2 58356  43.0006 162.5368 0001281 275.8863 259.5833 15.54753834  3995
STARLINK-30842          
1 58357U 23177G   23336.58334491  .00269238  00000+0  20237-2 0  9997
2 58357  43.0009 182.3187 0002632 239.1158 268.4191 15.70966026  3532
STARLINK-30858          
1 58358U 23177H   23339.91667824 -.01694406  00000+0 -27754-1 0  9999
2 58358  43.0006 162.5344 0001278 279.5228 257.1420 15.54751438  4055
STARLINK-30878          
1 58359U 23177J   23339.91667824 -.01694117  00000+0 -27751-1 0  9996
2 58359  43.0006 162.5326 0001214 274.8325 262.4300 15.54749778  4052
STARLINK-30897          
1 58360U 23177K   23339.91667824 -.01695709  00000+0 -27780-1 0  9998
2 58360  43.0006 162.5300 0001399 279.2281 259.2290 15.54748254  4050
STARLINK-30885          
1 58361U 23177L   23339.91667824 -.01694285  00000+0 -27754-1 0  9998
2 58361  43.0006 162.5299 0001378 278.5237 259.3364 15.54748398  4050
STARLINK-30890          
1 58362U 23177M   23339.91667824 -.01694222  00000+0 -27757-1 0  9993
2 58362  43.0005 162.5275 0001217 274.2474 264.8080 15.54745790  3993
STARLINK-30909          
1 58363U 23177N   23339.91667824 -.01692388  00000+0 -27727-1 0  9992
2 58363  43.0006 162.5268 0001149 277.7559 261.8977 15.54742932  4047
STARLINK-30904          
1 58364U 23177P   23339.91667824 -.01697125  00000+0 -22984-1 0  9997
2 58364  43.0006 162.3986 0001332 275.3255 316.2491 15.59783832  4049
STARLINK-30918          
1 58365U 23177Q   23339.91667824 -.01694244  00000+0 -27763-1 0  9997
2 58365  43.0006 162.5214 0001204 271.1960 270.2495 15.54740464  4043
STARLINK-30892          
1 58366U 23177R   23339.91667824 -.01692631  00000+0 -27734-1 0  9994
2 58366  43.0005 162.5238 0001171 278.0552 262.7937 15.54740263  4049
STARLINK-30891          
1 58367U 23177S   23339.91667824 -.01693591  00000+0 -27755-1 0  9994
2 58367  43.0006 162.5183 0001187 276.2033 266.4382 15.54736784  3880
STARLINK-30889          
1 58368U 23177T   23339.91667824 -.01692288  00000+0 -27731-1 0  9991
2 58368  43.0006 162.5201 0001150 278.6582 263.3861 15.54737255  4048
STARLINK-30870          
1 58369U 23177U   23339.91667824 -.01694054  00000+0 -27764-1 0  9991
2 58369  43.0005 162.5165 0001217 271.0692 272.1695 15.54735994  4041
STARLINK-30888          
1 58370U 23177V   23339.91667824 -.01692014  00000+0 -27730-1 0  9990
2 58370  43.0007 162.5164 0001101 269.9542 273.8822 15.54733785  4042
STARLINK-30859          
1 58371U 23177W   23339.91667824 -.01693654  00000+0 -27760-1 0  9995
2 58371  43.0006 162.5140 0001195 275.3754 269.0590 15.54732971  4040
STARLINK-30884          
1 58372U 23177X   23339.91667824 -.01694453  00000+0 -27775-1 0  9990
2 58372  43.0007 162.5121 0001255 272.9721 272.0595 15.54732088  4054
STARLINK-30852          
1 58373U 23177Y   23340.25001157 -.01757389  00000+0 -30247-1 0  9997
2 58373  43.0008 160.5485 0001670 260.1799 352.6218 15.53524636  4090
STARLINK-30911          
1 58374U 23178A   23339.91667824 -.01721420  00000+0 -17720-1 0  9997
2 58374  53.0550 228.7456 0001055 117.0491 165.7908 15.67460388  3697
STARLINK-30894          
1 58375U 23178B   23340.25001157 -.01717756  00000+0 -18498-1 0  9998
2 58375  53.0546 227.1041 0000932  65.0780 299.4246 15.66352965  3658
STARLINK-30910          
1 58376U 23178C   23339.91667824 -.01737098  00000+0 -17801-1 0  9997
2 58376  53.0546 228.7432 0000611  59.8437 223.8375 15.67605398  3672
STARLINK-30914          
1 58377U 23178D   23339.91667824 -.01737291  00000+0 -17804-1 0  9996
2 58377  53.0546 228.7418 0000628  61.5267 222.7735 15.67604217  3673
STARLINK-30920          
1 58378U 23178E   23339.91667824 -.01737047  00000+0 -17802-1 0  9994
2 58378  53.0547 228.7403 0000671  58.5526 226.3669 15.67602623  3676
STARLINK-30882          
1 58379U 23178F   23340.25001157 -.01713814  00000+0 -18457-1 0  9998
2 58379  53.0547 227.0987 0000729  62.2595 304.7137 15.66345244  3727
STARLINK-30915          
1 58380U 23178G   23340.16667824 -.00801184  00000+0 -29774-2 0  9991
2 58380  53.0537 226.0025 0000839  59.5497 206.2613 15.89131143  3723
STARLINK-30923          
1 58381U 23178H   23340.25001157 -.01713058  00000+0 -18451-1 0  9995
2 58381  53.0545 227.0962 0000614  64.3252 303.8833 15.66342031  3631
STARLINK-30927          
1 58382U 23178J   23340.25001157 -.01710850  00000+0 -18426-1 0  9995
2 58382  53.0545 227.0975 0000310  65.6446 301.9463 15.66342203  3705
STARLINK-30921          
1 58383U 23178K   23340.25001157 -.01713278  00000+0 -18455-1 0  9995
2 58383  53.0546 227.0951 0000534  65.9496 302.8759 15.66341106  3706
STARLINK-30825          
1 58384U 23178L   23339.91667824 -.01736666  00000+0 -17803-1 0  9998
2 58384  53.0546 228.7340 0000571  62.3623 225.6520 15.67596190  3671
STARLINK-30930          
1 58385U 23178M   23339.91667824 -.01736885  00000+0 -17806-1 0  9995
2 58385  53.0547 228.7325 0000638  62.2178 226.4155 15.67594915  3535
STARLINK-30929          
1 58386U 23178N   23339.91667824 -.00924099  00000+0 -55123-2 0  9996
2 58386  53.0540 227.9970 0000763  74.8857 211.2097 15.79629976  3679
STARLINK-30898          
1 58387U 23178P   23339.91667824 -.01673408  00000+0 -15437-1 0  9996
2 58387  53.0546 228.5606 0000749  64.4923 307.7899 15.70006460  3682
STARLINK-30913          
1 58388U 23178Q   23340.25001157 -.01712163  00000+0 -18447-1 0  9993
2 58388  53.0543 227.0868 0000600  55.2018 317.3282 15.66332869  3721
STARLINK-30938          
1 58389U 23178R   23340.25001157 -.01713608  00000+0 -18462-1 0  9996
2 58389  53.0544 227.0883 0000740  58.5156 313.3966 15.66335108  3728
STARLINK-30868          
1 58390U 23178S   23340.25001157 -.01711940  00000+0 -18445-1 0  9996
2 58390  53.0543 227.0857 0000647  54.3728 318.7747 15.66331413  3726
STARLINK-30916          
1 58391U 23178T   23339.91667824 -.01737381  00000+0 -17817-1 0  9996
2 58391  53.0546 228.7244 0000667  62.6685 229.6784 15.67587545  3691
STARLINK-30937          
1 58392U 23178U   23340.25001157 -.01713597  00000+0 -18468-1 0  9993
2 58392  53.0547 227.0803 0000714  65.9854 309.6319 15.66327221  3722
STARLINK-30939          
1 58393U 23178V   23340.25001157 -.01714378  00000+0 -17222-1 0  9999
2 58393  53.0546 227.0367 0000762  61.5804 335.9777 15.68041322  3566
STARLINK-30887          
1 58394U 23178W   23339.91667824 -.01683108  00000+0 -13596-1 0  9996
2 58394  53.0551 228.4823 0001031  50.9505   0.3790 15.73133848  3676
STARLINK-30934          
1 58395U 23178X   23339.91667824 -.01737102  00000+0 -17815-1 0  9999
2 58395  53.0543 228.7222 0000831  58.6995 234.8862 15.67584115  3628
MALLIGYONG-1            
1 58400U 23179A   23340.15217848  .00006479  00000+0  29128-3 0  9997
2 58400  97.4265 224.7376 0014483 223.5153 136.4941 15.21377957  2214
CHOLLIMA-1 R/B          
1 58401U 23179B   23339.65191157  .00007631  00000+0  29800-3 0  9993
2 58401  97.4126 224.3141 0031999 250.7972 108.9802 15.25701366  2139
STARLINK-30964          
1 58402U 23180A   23339.91667824 -.00977973  00000+0 -69112-2 0  9990
2 58402  43.0029 231.2089 0001736 278.1796 263.9405 15.75381362  3374
STARLINK-30844          
1 58403U 23180B   23339.91667824 -.00981010  00000+0 -69443-2 0  9995
2 58403  43.0032 231.2080 0001684 271.3147 271.5190 15.75350955  3276
STARLINK-30876          
1 58404U 23180C   23339.91667824 -.00984401  00000+0 -69686-2 0  9992
2 58404  43.0026 231.2050 0001656 280.6111 262.8309 15.75358137  3376
STARLINK-30952          
1 58405U 23180D   23339.91667824 -.00988392  00000+0 -70092-2 0  9999
2 58405  43.0027 231.2038 0001697 280.2145 263.9418 15.75327150  3275
STARLINK-30925          
1 58406U 23180E   23339.91667824 -.00994728  00000+0 -70838-2 0  9998
2 58406  43.0030 231.2019 0001674 277.2947 267.7020 15.75247097  3272
STARLINK-30954          
1 58407U 23180F   23339.91667824 -.00993637  00000+0 -70753-2 0  9993
2 58407  43.0023 231.1994 0001709 276.7316 268.8887 15.75246540  3375
STARLINK-30906          
1 58408U 23180G   23339.91667824 -.00928092  00000+0 -37878-2 0  9998
2 58408  43.0024 230.5983 0002030 277.5848 147.1313 15.87314209  3010
STARLINK-30940          
1 58409U 23180H   23339.91667824 -.01004721  00000+0 -71884-2 0  9999
2 58409  43.0023 231.1924 0001640 277.3410 270.9852 15.75165120  3376
STARLINK-30933          
1 58410U 23180J   23339.91667824 -.01003360  00000+0 -71650-2 0  9990
2 58410  43.0024 231.1962 0001690 279.6315 267.3523 15.75204618  3376
STARLINK-30919          
1 58411U 23180K   23339.91667824 -.01103625  00000+0 -74104-2 0  9993
2 58411  43.0027 231.1293 0001738 275.5540 297.7683 15.76821096  3274
STARLINK-30924          
1 58412U 23180L   23340.25001157 -.00954518  00000+0 -58188-2 0  9992
2 58412  43.0029 229.0171 0001622 281.1318  59.9182 15.78997502  3412
STARLINK-30931          
1 58413U 23180M   23339.91667824 -.00854178  00000+0 -45986-2 0  9996
2 58413  43.0026 230.8013 0001710 280.7683  63.2284 15.81417057  3375
STARLINK-30922          
1 58414U 23180N   23340.25001157 -.00437299  00000+0 -31196-2 0  9996
2 58414  43.0019 229.1636 0001605 281.7111   1.3634 15.74095189  3417
STARLINK-30949          
1 58415U 23180P   23339.91667824 -.00946758  00000+0 -57491-2 0  9998
2 58415  43.0026 231.0281 0000745 298.4483 315.1243 15.79070151  3379
STARLINK-30967          
1 58416U 23180Q   23340.25001157 -.00339299  00000+0 -23976-2 0  9996
2 58416  43.0018 229.1616 0001759 286.1268 357.6019 15.74041420  3411
STARLINK-30955          
1 58417U 23180R   23339.91667824 -.01037132  00000+0 -67314-2 0  9993
2 58417  43.0027 230.9924 0001533 278.7494 349.2354 15.77425203  3374
STARLINK-30895          
1 58418U 23180S   23340.25001157 -.00288170  00000+0 -20264-2 0  9996
2 58418  43.0021 229.1587 0001792 281.1056   3.8881 15.74009717  3310
STARLINK-30917          
1 58419U 23180T   23340.25001157 -.00284576  00000+0 -20004-2 0  9995
2 58419  43.0020 229.1573 0001870 279.4145   6.2039 15.74007520  3414
STARLINK-30899          
1 58420U 23180U   23340.25001157 -.00296260  00000+0 -20877-2 0  9998
2 58420  43.0023 229.1557 0002045 278.0329   8.2193 15.73982610  3318
STARLINK-30902          
1 58421U 23180V   23340.25001157 -.00269839  00000+0 -18943-2 0  9992
2 58421  43.0020 229.1539 0001803 279.6617   7.2086 15.73996415  3312
STARLINK-30912          
1 58422U 23180W   23340.25001157 -.00141323  00000+0 -97922-3 0  9995
2 58422  43.0020 229.1522 0001995 280.9529   6.5853 15.73911508  3419
STARLINK-30900          
1 58423U 23180X   23339.91667824 -.01062205  00000+0 -61556-2 0  9991
2 58423  43.0027 230.8284 0001692 280.4159  52.9388 15.79960678  3280
STARLINK-30908          
1 58424U 23180Y   23339.91667824 -.00924821  00000+0 -47766-2 0  9999
2 58424  43.0028 230.8597 0001621 281.5214  39.6076 15.82474682  3381
2023-181A               
1 58425U 23181A   23340.12083714 -.00000037  00000+0  16250-3 0  9994
2 58425  49.9585 115.0115 0012793 337.7509  22.2812 13.42158383  1710
2023-181B               
1 58426U 23181B   23340.04743710 -.00000013  00000+0  20689-3 0  9990
2 58426  49.9582 115.2899 0010861 338.4247  21.6171 13.41397540  1697
2023-181C               
1 58427U 23181C   23340.11858412 -.00000636  00000+0 -90944-3 0  9998
2 58427  49.9594 115.0006 0010890 327.7463  32.2747 13.41401025  1716
COSMOS 2572             
1 58435U 23182A   23339.75658770  .00131701  80008-5  43629-3 0  9997
2 58435  96.6228  81.6689 0014242  22.7122 337.4780 15.90210100  1571
SL-4 R/B                
1 58436U 23182B   23339.75882851  .00088843  45948-5  31200-3 0  9991
2 58436  96.6246  81.6723 0011858  28.7182 331.4743 15.89145903  1561
STARLINK-30869          
1 58437U 23183A   23339.91667824 -.00671991  00000+0 -24255-2 0  9991
2 58437  43.0044 220.9295 0001964 277.1075   6.9639 15.89173547  2489
STARLINK-30969          
1 58438U 23183B   23340.16667824 -.00604327  00000+0 -22193-2 0  9999
2 58438  43.0044 219.3896 0001937 282.9939 349.8021 15.88683027  2529
STARLINK-30951          
1 58439U 23183C   23340.16667824 -.00631453  00000+0 -22974-2 0  9997
2 58439  43.0045 219.3737 0001842 283.8590 355.2034 15.88928160  2528
STARLINK-30950          
1 58440U 23183D   23339.91667824 -.00703600  00000+0 -25135-2 0  9996
2 58440  43.0039 220.9150 0002040 271.2534  18.9966 15.89445178  2486
STARLINK-30942          
1 58441U 23183E   23340.16667824 -.00663761  00000+0 -23938-2 0  9998
2 58441  43.0040 219.3583 0001840 285.3278 359.9782 15.89172800  2527
STARLINK-30959          
1 58442U 23183F   23340.16667824 -.00674911  00000+0 -24213-2 0  9995
2 58442  43.0039 219.3498 0001917 280.7115   7.8884 15.89299604  2529
STARLINK-30971          
1 58443U 23183G   23340.16667824 -.00694178  00000+0 -24782-2 0  9994
2 58443  43.0042 219.3409 0001868 284.3173   7.6963 15.89438986  2529
STARLINK-30963          
1 58444U 23183H   23339.91667824 -.00767302  00000+0 -26876-2 0  9992
2 58444  43.0039 220.8837 0001763 277.6264  24.8671 15.89972202  2484
STARLINK-30961          
1 58445U 23183J   23340.16667824 -.00722317  00000+0 -25564-2 0  9992
2 58445  43.0040 219.3254 0001644 284.1292  14.1060 15.89672424  2527
STARLINK-30975          
1 58446U 23183K   23340.16667824 -.00737352  00000+0 -25973-2 0  9992
2 58446  43.0040 219.3172 0001644 284.5400  16.9675 15.89797742  2525
STARLINK-30976          
1 58447U 23183L   23339.91667824 -.01193607  42250-3 -32591-2 0  9995
2 58447  43.0038 220.7906 0001975 281.2130  57.9812 15.93206496  2484
STARLINK-30926          
1 58448U 23183M   23340.16667824 -.00773424  19062-3 -21606-2 0  9995
2 58448  43.0034 219.1796 0002218 271.3925  84.4603 15.92699160  2524
STARLINK-30943          
1 58449U 23183N   23340.16667824 -.00283092  35432-4 -66094-3 0  9994
2 58449  43.0037 219.1918 0001317 244.0967 106.9409 15.95900473  2514
STARLINK-30946          
1 58450U 23183P   23340.16667824 -.00784644  00000+0 -27294-2 0  9991
2 58450  43.0035 219.2930 0001675 283.8723  27.0280 15.90145480  2522
STARLINK-30944          
1 58451U 23183Q   23340.16667824 -.00800352  00000+0 -27730-2 0  9992
2 58451  43.0038 219.2853 0001559 277.9604  36.0463 15.90258030  2409
STARLINK-30928          
1 58452U 23183R   23340.16667824 -.00811962  00000+0 -27994-2 0  9994
2 58452  43.0035 219.2775 0002203 272.1464  45.0524 15.90372548  2520
STARLINK-30957          
1 58453U 23183S   23340.16667824 -.00830286  00000+0 -28542-2 0  9995
2 58453  43.0039 219.2703 0001714 274.2134  45.8950 15.90474180  2525
STARLINK-30966          
1 58454U 23183T   23340.16667824 -.00847602  00000+0 -29017-2 0  9994
2 58454  43.0033 219.2619 0001756 283.7283  39.5912 15.90591516  2523
STARLINK-30935          
1 58455U 23183U   23340.16667824 -.00860221  00000+0 -29319-2 0  9992
2 58455  43.0036 219.2543 0002154 270.6622  55.7874 15.90700299  2525
STARLINK-30960          
1 58456U 23183V   23340.16667824 -.00894898  00000+0 -30271-2 0  9999
2 58456  43.0034 219.2379 0002175 271.2321  61.4816 15.90921348  2527
STARLINK-30958          
1 58457U 23183W   23340.16667824 -.00878899  00000+0 -29845-2 0  9998
2 58457  43.0039 219.2459 0002080 278.1619  51.4389 15.90813120  2402
STARLINK-30962          
1 58458U 23183X   23340.16667824 -.01006837  30317-3 -30724-2 0  9991
2 58458  43.0040 219.2296 0002142 270.8827  65.2071 15.91043338  2311
STARLINK-30977          
1 58459U 23183Y   23339.91667824 -.01109722  36442-3 -32771-2 0  9999
2 58459  43.0037 220.7763 0001567 279.5469  65.3648 15.91696808  2274
PROGRESS-MS 25          
1 58460U 23184A   23339.58703728  .00015059  00000+0  26943-3 0  9997
2 58460  51.6407 199.5862 0001156  12.7831  76.8411 15.50199867428375
GNOMES-4                
1 58462U 23185A   23336.83294959  .00003299  00000+0  25875-3 0  9992
2 58462  97.6420  41.6066 0011157 243.0910 252.9454 15.01592284   156
2023-185B               
1 58463U 23185B   23339.63304667  .00015006  00000+0  11570-2 0  9997
2 58463  97.6421  44.3625 0011078 232.4189 271.0860 15.01653166   577
2023-185C               
1 58464U 23185C   23336.83459567 -.00004230  00000+0 -31774-3 0  9995
2 58464  97.6440  41.6073 0009960 253.7865 252.9326 15.02057289   154
2023-185D               
1 58465U 23185D   23340.16452256  .00008489  00000+0  44439-3 0  9995
2 58465  97.4543  44.6433 0009549 237.8287 122.2020 15.16029815   670
UHETSAT                 
1 58466U 23185E   23340.16361085  .00003432  00000+0  18026-3 0  9991
2 58466  97.4543  44.6440 0011162 237.4868 122.5287 15.16324161   674
2023-185F               
1 58467U 23185F   23340.16307713  .00008052  00000+0  41551-3 0  9992
2 58467  97.4527  44.6407 0011872 239.7243 120.2815 15.16531886   676
SPIRIT                  
1 58468U 23185G   23340.16261459  .00004684  00000+0  24221-3 0  9991
2 58468  97.4539  44.6444 0012630 237.2044 122.7973 15.16676627   671
2023-185H               
1 58469U 23185H   23340.00605578  .00003000  00000+0  23502-3 0  9991
2 58469  97.6439  44.7301 0010837 233.5569 126.4658 15.01718342   636
ENSO (ROBUSTA 1E)       
1 58470U 23185J   23340.03016351  .00010516  00000+0  53588-3 0  9998
2 58470  97.4553  44.5202 0013170 234.9934 125.0064 15.16881946   650
2023-185K               
1 58471U 23185K   23340.16215009  .00012986  00000+0  66083-3 0  9991
2 58471  97.4552  44.6498 0013019 234.7476 125.2540 15.16879455   674
EIRSAT-1                
1 58472U 23185L   23340.16224883  .00010698  00000+0  54587-3 0  9996
2 58472  97.4546  44.6477 0012964 235.7821 124.2185 15.16833060   674
2023-187A               
1 58496U 23187A   23340.18174160  .00002307  00000+0  32368-3 0  9999
2 58496  98.0083  52.2753 0011320 265.5681  94.4236 14.78392520   296
2023-187B               
1 58497U 23187B   23340.18194865  .00001937  00000+0  27397-3 0  9998
2 58497  98.0102  52.2751 0011247 261.9671  98.0264 14.78237511   282
2023-187C               
1 58498U 23187C   23340.18182870  .00002124  00000+0  29904-3 0  9997
2 58498  98.0089  52.2753 0011126 264.1692  95.8250 14.78328091   287
2023-187D               
1 58499U 23187D   23340.17099555  .00001820  00000+0  21020-3 0  9997
2 58499  98.1464  52.4818 0038951 349.8772  10.1654 14.86396447   282
S-STEP                  
1 58500U 23188A   23339.87933575  .00001193  00000+0  20373-3 0  9998
2 58500  46.9830 122.8206 0008528 329.2033  30.8358 14.75103698   243
TLV R/B                 
1 58501U 23188B   23339.90797412  .00004423  00000+0  21571-3 0  9991
2 58501  46.9158 122.1849 0162138  14.4419 346.1042 15.09329038   241
2023-189A               
1 58502U 23189A   23339.78221650  .00002139  00000+0  10000-3 0  9992
2 58502  97.4644 342.5175 0012591 285.9051 256.9281 15.20810015   119
2023-189B               
1 58503U 23189B   23339.78052438  .00001136  00000+0  54212-4 0  9999
2 58503  97.4658 342.5156 0012730 290.1718 244.1247 15.21066500   111
2023-189C               
1 58504U 23189C   23339.77786582  .00001205  00000+0  55817-4 0  9992
2 58504  97.4647 342.5142 0017107 300.2537 221.9795 15.21940714   119
2023-190A               
1 58505U 23190A   23339.92673206  .00000018  00000+0  00000+0 0  9990
2 58505  86.4932 298.1429 0011721 299.6155  75.1865 13.94476362    19
2023-190B               
1 58506U 23190B   23340.21531523  .00000057  00000+0  00000+0 0  9993
2 58506  86.5812 298.0613 0402261  13.5629 125.9924 14.76408356    57
