OPS 7218 (TRANSIT 16)   
1 02807U 67048A   24164.17614387  .00000168  00000+0  24582-3 0  9994
2 02807  89.6718  11.9753 0018228 262.2331 220.7613 13.50520369809219
OPS 4947 (TRANSIT 17)   
1 02965U 67092A   24163.50280834  .00000229  00000+0  32174-3 0  9994
2 02965  89.2321  66.8195 0049245  32.8411 140.7090 13.53238503796687
OPS 7034 (TRANSIT 18)   
1 03133U 68012A   24163.56189748  .00000180  00000+0  25942-3 0  9994
2 03133  90.0221 272.4248 0072806 322.5542  47.9256 13.51360520495019
NNSS 19 (TRANSIT 19)    
1 04507U 70067A   24164.19689609  .00000187  00000+0  24757-3 0  9994
2 04507  89.9694 235.2886 0174499  82.6208 279.4736 13.51072384648535
NNSS 20 (TRANSIT 20)    
1 06909U 73081A   24164.24672531  .00000291  00000+0  29081-3 0  9994
2 06909  89.8367 264.0842 0153355 282.7412  75.6648 13.71043983728722
TRANSAT                 
1 10457U 77106A   24164.07081602  .00000136  00000+0  20147-3 0  9995
2 10457  89.6545  98.1116 0024709 340.9132  29.6329 13.48812682293699
NOVA 1                  
1 12458U 81044A   24163.55392728  .00000128  00000+0  28097-3 0  9993
2 12458  89.8665  98.9906 0014257 169.2365   5.8634 13.23172332 79230
NOVA 3                  
1 15362U 84110A   24164.23896578  .00000084  00000+0  17999-3 0  9995
2 15362  90.1184  74.3752 0033501  43.7633 122.6752 13.22943855914739
OSCAR 30                
1 15935U 85066A   24164.23048535  .00000157  00000+0  26815-3 0  9992
2 15935  90.1809  90.6318 0167416 190.6031 285.2951 13.35918867891364
OSCAR 24                
1 15936U 85066B   24164.24044969  .00000144  00000+0  24474-3 0  9996
2 15936  90.1861  82.5984 0168010 196.8046 318.8419 13.35778078893426
POLAR BEAR              
1 17070U 86088A   24164.20271377  .00000138  00000+0  13229-3 0  9992
2 17070  89.6028 205.9493 0038330 338.3563  91.0653 13.75056920884675
OSCAR 27                
1 18361U 87080A   24164.19662813  .00000144  00000+0  22491-3 0  9994
2 18361  90.3624  59.2156 0104305 356.8591   3.1889 13.44736284802093
OSCAR 29                
1 18362U 87080B   24163.45199503  .00000145  00000+0  22765-3 0  9999
2 18362  90.3640  59.5947 0106759  20.6555 152.8185 13.44300534801291
OSCAR 23                
1 19070U 88033A   24163.99459029  .00000091  00000+0  17171-3 0  9991
2 19070  90.3131 359.4572 0187681 266.4804 244.1088 13.27655415749985
OSCAR 32                
1 19071U 88033B   24164.11106418  .00000100  00000+0  18807-3 0  9996
2 19071  90.3135 359.5673 0186162 253.3438 229.9771 13.27828557750266
NOVA 2                  
1 19223U 88052A   24163.51932963  .00000135  00000+0  29929-3 0  9996
2 19223  89.9843  79.2433 0032604  86.8266  86.1474 13.22843593736869
OSCAR 25                
1 19419U 88074A   24164.15498329  .00000124  00000+0  19732-3 0  9990
2 19419  90.0187  18.7472 0096755  12.5486 133.9287 13.42459145753060
OSCAR 31                
1 19420U 88074B   24164.16202576  .00000106  00000+0  16665-3 0  9992
2 19420  90.0201  19.0130 0094765   6.7206 110.7049 13.42448631753177
