NOAA 1                  
1 04793U 70106A   24164.14596816 -.00000025  00000+0  11110-3 0  9998
2 04793 101.4456 216.4662 0031273 347.7694  74.5027 12.54028592449032
NOAA 2 (ITOS-D)         
1 06235U 72082A   24164.28181080 -.00000030  00000+0  10360-3 0  9996
2 06235 102.0144 163.1978 0004414 126.3886 244.0552 12.53180873363116
NOAA 3                  
1 06920U 73086A   24164.27141531 -.00000040  00000+0  43635-4 0  9991
2 06920 102.2750 160.2194 0006866  37.5582 333.9756 12.40368004290965
NOAA 4                  
1 07529U 74089A   24164.25853993 -.00000031  00000+0  93454-4 0  9995
2 07529 101.9866 158.4751 0009134 155.1063 215.6882 12.53180533267700
NOAA 5                  
1 09057U 76077A   24164.17436425 -.00000022  00000+0  18274-3 0  9996
2 09057 102.2065 137.6101 0009195 244.7475 126.0227 12.37801173163750
TIROS N                 
1 11060U 78096A   24163.56671012  .00000366  00000+0  19624-3 0  9991
2 11060  98.5321 204.1705 0009983 206.1034 153.9641 14.18826192574414
NOAA 6                  
1 11416U 79057A   24164.09094587  .00000614  00000+0  23324-3 0  9997
2 11416  98.6285 185.3202 0008852 276.1835  83.8341 14.34533688345733
NOAA 7                  
1 12553U 81059A   24164.18075884  .00000112  00000+0  77466-4 0  9994
2 12553  98.8935 223.4994 0011039 203.9180 156.1483 14.17532620220823
NOAA 8                  
1 13923U 83022A   24164.03319032  .00000307  00000+0  13825-3 0  9992
2 13923  98.7294 163.9872 0013822 246.6807 113.2920 14.29254549146299
NOAA 9                  
1 15427U 84123A   24164.21892959  .00000258  00000+0  15287-3 0  9999
2 15427  99.1175 161.5340 0013666 270.7428 100.2178 14.16601514 39588
NOAA 10                 
1 16969U 86073A   24164.22394605  .00000332  00000+0  14948-3 0  9999
2 16969  98.6402 150.2032 0011962 352.6762  17.9769 14.28627706964703
NOAA 11                 
1 19531U 88089A   24163.91541668  .00000158  00000+0  10204-3 0  9991
2 19531  98.5177 126.7132 0009979 248.0844 111.9270 14.15540543843697
NOAA 12                 
1 21263U 91032A   24164.22542407  .00000241  00000+0  11799-3 0  9998
2 21263  98.5570 155.4533 0014129  21.2643 338.9122 14.26319125720439
NOAA 13                 
1 22739U 93050A   24163.90603028  .00000256  00000+0  15911-3 0  9996
2 22739  98.6057 121.6110 0010634  70.7016 289.5306 14.13220858589747
NOAA 14                 
1 23455U 94089A   24164.13883324  .00000126  00000+0  87189-4 0  9993
2 23455  98.4316 160.4247 0010283  42.7961 317.4012 14.14398865519528
NOAA 15                 
1 25338U 98030A   24164.18683136  .00000395  00000+0  18145-3 0  9992
2 25338  98.5683 191.4182 0009862 346.3587  13.7326 14.26600919356722
NOAA 16                 
1 26536U 00055A   24164.19917433  .00000170  00000+0  11205-3 0  9995
2 26536  98.5312 204.0252 0009356 247.5568 112.4615 14.13587052223370
NOAA 17                 
1 27453U 02032A   24164.22583378  .00000366  00000+0  17331-3 0  9995
2 27453  98.7627 114.8192 0011109 328.5406  31.5108 14.25591664142253
NOAA 18                 
1 28654U 05018A   24164.18134784  .00000358  00000+0  21472-3 0  9996
2 28654  98.8743 241.1877 0015275  79.3027 280.9864 14.13229063982551
NOAA 19                 
1 33591U 09005A   24164.20281024  .00000317  00000+0  19437-3 0  9998
2 33591  99.0471 219.9493 0012893 308.9265  51.0756 14.13024837790920
SUOMI NPP               
1 37849U 11061A   24164.17905567  .00000175  00000+0  10386-3 0  9990
2 37849  98.7221 102.2344 0000673  66.4130 293.7117 14.19581853654150
NOAA 20 (JPSS-1)        
1 43013U 17073A   24164.12629680  .00000159  00000+0  95998-4 0  9998
2 43013  98.7063 102.1326 0000675 141.3685 218.7540 14.19595476340181
NOAA 21 (JPSS-2)        
1 54234U 22150A   24164.16122309  .00000200  00000+0  11577-3 0  9994
2 54234  98.7517 102.1140 0001591 114.1235 246.0108 14.19525189 82263
