CALSPHERE 1             
1 00900U 64063C   24164.20902917  .00001004  00000+0  10395-2 0  9999
2 00900  90.2049  55.2753 0026834   1.1774 165.2937 13.75070010970345
CALSPHERE 2             
1 00902U 64063E   24163.50589675  .00000078  00000+0  10393-3 0  9994
2 00902  90.2207  58.8666 0017672 197.3377 338.8134 13.52800732756797
LCS 1                   
1 01361U 65034C   24163.54709879  .00000003  00000+0 -74346-3 0  9994
2 01361  32.1380 123.6820 0006049  15.0516 345.0161  9.89305747137035
TEMPSAT 1               
1 01512U 65065E   24163.37298329  .00000052  00000+0  85101-4 0  9995
2 01512  89.9548 214.1031 0070751 153.4512 220.9702 13.33516929861983
CALSPHERE 4A            
1 01520U 65065H   24164.18051566  .00000174  00000+0  31822-3 0  9999
2 01520  89.9457 128.0771 0070147  19.1820 108.9748 13.36071106864966
OPS 5712 (P/L 160)      
1 02826U 67053A   24164.20308674  .00008142  00000+0  17263-2 0  9991
2 02826  69.9259  16.7754 0001967  60.8982 299.2354 14.59470718958738
OPS 5712 (P/L 153)      
1 02874U 67053H   24164.21997777  .00000094  00000+0  10657-3 0  9992
2 02874  69.9741 250.3987 0004975  60.8479 299.3125 13.96594066904634
SURCAL 150B             
1 02909U 67053J   24164.18766189  .00020265  00000+0  26004-2 0  9992
2 02909  69.9410 322.6180 0002625 162.9777 197.1461 14.81221804970799
RIGIDSPHERE 2 (LCS 4)   
1 05398U 71067E   24164.16211484  .00001253  00000+0  41759-3 0  9999
2 05398  87.6275 182.5830 0062893 146.9557 213.5596 14.35785119768550
COSMOS 2493 (SKRL-756 1)
1 39490U 13078A   24164.18895401  .00004751  00000+0  43911-3 0  9994
2 39490  82.4161 256.4071 0015328 195.4796 164.5958 14.94311937568193
COSMOS 2494 (SKRL-756 2)
1 39491U 13078B   24164.25278019  .00005391  00000+0  47444-3 0  9999
2 39491  82.4159 248.3557 0020001 166.7453 193.4298 14.96179126568636
