RADUGA 1                
1 08513U 75123A   24162.94276687 -.00000025  00000+0  00000+0 0  9995
2 08513   4.7064 278.2810 0006216 242.2735 147.7822  1.00250524187431
RADUGA 2                
1 09416U 76092A   24163.94426082 -.00000011  00000+0  00000+0 0  9996
2 09416   5.3747 280.5258 0026645  18.8567   8.1946  1.00290782121962
RADUGA 3                
1 10159U 77071A   24163.52059291 -.00000317  00000+0  00000+0 0  9997
2 10159   6.0057 283.5104 0008667 258.4875   6.9009  1.00332120169669
RADUGA 4                
1 10987U 78073A   24163.44213288  .00000049  00000+0  00000+0 0  9999
2 10987   6.6516 287.5421 0008548  21.3425 171.9109  1.00199099112226
RADUGA 5                
1 11343U 79035A   24163.87601635 -.00000177  00000+0  00000+0 0  9992
2 11343   7.1330 290.6675 0006255 190.7887 178.5404  1.00285138121956
RADUGA 6                
1 11708U 80016A   24163.50980812  .00000142  00000+0  00000+0 0  9996
2 11708   7.5220 294.1559 0002144 218.7972 332.6895  1.00262897114789
RADUGA 7                
1 12003U 80081A   24164.02826998  .00000129  00000+0  00000+0 0  9994
2 12003   7.7254 296.3490 0008943 280.5507 257.7164  1.00206603116049
RADUGA 8                
1 12351U 81027A   24163.21220994 -.00000118  00000+0  00000+0 0  9994
2 12351   8.0666 296.8057 0080485 249.5562 133.9212  1.00354751115166
RADUGA 9                
1 12618U 81069A   24163.50928598  .00000144  00000+0  00000+0 0  9991
2 12618   8.3208 300.2218 0004235 166.0575  16.4566  1.00236246 39960
RADUGA 10               
1 12897U 81102A   24163.44491760 -.00000104  00000+0  00000+0 0  9994
2 12897   8.4216 301.3294 0005325 200.3114 354.3317  1.00296330109963
RADUGA 11               
1 13669U 82113A   24163.57633875 -.00000165  00000+0  00000+0 0  9991
2 13669  10.6666 316.3038 0039242 272.5242  60.8888  0.97710252114344
RADUGA 12               
1 13974U 83028A   24163.60225692 -.00000010  00000+0  00000+0 0  9993
2 13974   9.7203 311.8347 0002067 129.4788 101.5419  1.00264358162007
RADUGA 13               
1 14307U 83088A   24163.84620863 -.00000095  00000+0  00000+0 0  9998
2 14307  10.9514 317.7702 0016236  59.2144 122.3170  0.98173952111718
RADUGA 14               
1 14725U 84016A   24163.94721959 -.00000174  00000+0  00000+0 0  9991
2 14725  10.0015 315.9318 0005232 154.3878 213.6493  1.00293464110713
RADUGA 15               
1 15057U 84063A   24163.07593148  .00000103  00000+0  00000+0 0  9994
2 15057  10.1439 316.9450 0005688 180.6064 168.5642  1.00293673133716
RADUGA 16               
1 15946U 85070A   24163.28086955 -.00000231  00000+0  00000+0 0  9999
2 15946  10.7074 321.7868 0002295 187.5287 182.0659  1.00270273114859
RADUGA 17               
1 16250U 85107A   24164.14779427  .00000038  00000+0  00000+0 0  9992
2 16250  10.8600 323.2674 0014805 201.9711 159.8777  1.00172517144442
RADUGA 18               
1 16497U 86007A   24163.15466205 -.00000131  00000+0  00000+0 0  9997
2 16497  11.7170 326.0877 0074569 182.0679 182.2699  0.98814288138594
RADUGA 19               
1 17046U 86082A   24163.60735399 -.00000054  00000+0  00000+0 0  9998
2 17046  12.2422 330.1704 0013940 167.4383 197.6191  0.98460234135672
RADUGA 20               
1 17611U 87028A   24163.44865957 -.00000088  00000+0  00000+0 0  9990
2 17611  14.3208 333.5343 0030883 154.3370  27.7845  0.95960713131250
RADUGA 21               
1 18631U 87100A   24163.84699184 -.00000296  00000+0  00000+0 0  9996
2 18631  12.3624 330.6022 0003222 157.6696  14.6841  1.00220764133704
RADUGA 22               
1 19596U 88095A   24162.99558240  .00000118  00000+0  00000+0 0  9995
2 19596  12.4690 335.1982 0008308 165.0502 143.1946  1.00332327114266
RADUGA 23               
1 19928U 89030A   24163.08184903  .00000099  00000+0  00000+0 0  9994
2 19928  12.6619 337.0397 0022096 180.8239 180.1765  1.00199868127479
RADUGA-1 1              
1 20083U 89048A   24163.78246603 -.00000239  00000+0  00000+0 0  9997
2 20083  13.4937 340.2109 0022313 134.0785  41.0495  0.98710835124001
RADUGA 24               
1 20367U 89098A   24163.51943894 -.00000314  00000+0  00000+0 0  9998
2 20367  13.2996 339.1209 0002318 189.8372  17.9796  1.00234962125597
RADUGA 25               
1 20499U 90016A   24163.61707973  .00000045  00000+0  00000+0 0  9993
2 20499  13.0937 339.8918 0006160 167.7036 200.9538  1.00366173125533
RADUGA 26               
1 21016U 90112A   24164.08457801  .00000069  00000+0  00000+0 0  9996
2 21016  13.4968 343.1549 0006733 117.5631 243.4792  1.00274445122873
RADUGA-1 2              
1 21038U 90116A   24164.08710167 -.00000017  00000+0  00000+0 0  9995
2 21038  13.5364 343.2058 0008019 127.0883 247.9341  1.00218477122544
RADUGA 27               
1 21132U 91014A   24163.60925337 -.00000356  00000+0  00000+0 0  9998
2 21132  14.0274 342.4686 0003444 129.9029 116.0340  1.00195697121938
RADUGA 28               
1 21821U 91087A   24163.95165775 -.00000352  00000+0  00000+0 0  9999
2 21821  13.9152 346.4409 0007810 148.7757 212.4238  1.00335742118986
RADUGA 29               
1 22557U 93013A   24164.02827300 -.00000100  00000+0  00000+0 0  9996
2 22557  14.2407 350.5940 0006831 142.4643 214.2510  1.00160175114326
RADUGA 30               
1 22836U 93062A   24163.01656029 -.00000159  00000+0  00000+0 0  9990
2 22836  14.3496 352.6196 0000834 301.4512  51.5895  1.00264066 38619
RADUGA-1 3              
1 22981U 94008A   24163.60158400 -.00000296  00000+0  00000+0 0  9999
2 22981  14.4646 353.7384 0004003 135.8608  82.2906  1.00309371111105
RADUGA 31               
1 23010U 94012A   24162.84014258  .00000101  00000+0  00000+0 0  9999
2 23010  14.4307 353.7529 0005098 128.0696 125.3359  1.00255196110969
RADUGA 32               
1 23448U 94087A   24163.08785358 -.00000156  00000+0  00000+0 0  9990
2 23448  14.5017 356.4970 0006159 219.0386 155.4615  1.00266583125506
RADUGA-1 4              
1 25642U 99010A   24164.15727976  .00000037  00000+0  00000+0 0  9997
2 25642  15.4302   7.7129 0002013 237.8058 130.9355  1.00198131 92608
RADUGA-1 5              
1 26477U 00049A   24164.15806295  .00000010  00000+0  00000+0 0  9991
2 26477  13.5431  13.3797 0004636  87.5863 279.7346  1.00210503 87129
RADUGA-1 6              
1 26936U 01045A   24163.95535394 -.00000181  00000+0  00000+0 0  9994
2 26936  13.9209  19.8833 0017648 182.2403  28.1743  0.97746042 81395
RADUGA-1 7              
1 28194U 04010A   24163.22387098  .00000108  00000+0  00000+0 0  9991
2 28194  12.8186  26.4404 0002972 192.1714 165.0260  1.00355281 74036
RADUGA-1M 1             
1 32373U 07058A   24163.80098631  .00000082  00000+0  00000+0 0  9997
2 32373   8.5221  58.4858 0003290  27.0234 169.9949  0.99392700 61001
RADUGA-1 8              
1 34264U 09010A   24163.88787997  .00000001  00000+0  00000+0 0  9997
2 34264  10.6625  48.2994 0012551  18.5156 166.9091  0.99828357 55820
RADUGA-1M 2             
1 36358U 10002A   24164.16250110 -.00000180  00000+0  00000+0 0  9999
2 36358   1.7102  88.5317 0001633 340.0166 335.9171  1.00272411 52647
RADUGA-1M 3             
1 39375U 13062A   24164.00946354  .00000157  00000+0  00000+0 0  9998
2 39375   4.0806  81.3505 0003318 214.7015   3.1559  1.00272387 38750
