SCD 1                   
1 22490U 93009B   23339.91434727  .00000612  00000+0  11929-3 0  9998
2 22490  24.9675 150.3069 0042827  82.3500  49.4331 14.45087423627622
TECHSAT 1B (GO-32)      
1 25397U 98043D   23339.88667059  .00000187  00000+0  10165-3 0  9990
2 25397  98.8947 299.0264 0001714  39.3727 320.7575 14.23953126319760
SCD 2                   
1 25504U 98060A   23340.16768142  .00000559  00000+0  10725-3 0  9992
2 25504  24.9972   6.8876 0017347  84.9161 324.0729 14.44582084326881
LANDSAT 7               
1 25682U 99020A   23340.13056336  .00000638  00000+0  14100-3 0  9997
2 25682  97.9105  10.8974 0001147 102.8766 311.8653 14.60363154310877
DLR-TUBSAT              
1 25757U 99029B   23339.47019316  .00000281  00000+0  81650-4 0  9990
2 25757  98.5589 294.4200 0013105 285.9496  74.0254 14.51771066299040
TERRA                   
1 25994U 99068A   23340.14971661  .00000730  00000+0  16334-3 0  9997
2 25994  98.0758  44.1245 0000840 211.2905 178.4311 14.59475589274869
MAROC-TUBSAT            
1 27004U 01056D   23339.90097622 -.00000003  00000+0  48805-4 0  9992
2 27004  99.7044 127.5074 0019719 355.1531 160.7916 13.70189869 99600
AQUA                    
1 27424U 02022A   23340.16305589  .00001479  00000+0  32749-3 0  9992
2 27424  98.3078 284.1901 0001609  52.4415  72.6927 14.58638420148421
IRS-P6 (RESOURCESAT-1)  
1 28051U 03046A   23340.17943358  .00000377  00000+0  14187-3 0  9991
2 28051  98.3383  39.4944 0058888 224.7795 155.3271 14.35907938 47967
SHIYAN 1 (SY-1)         
1 28220U 04012A   23339.53881423  .00007772  00000+0  50676-3 0  9994
2 28220  97.9827 354.4704 0009513 339.0131  21.0705 15.08155829 70627
AURA                    
1 28376U 04026A   23340.12461354  .00001476  00000+0  33120-3 0  9995
2 28376  98.2300 281.6559 0001090  60.4176 299.7132 14.57999504 31437
IRS-P5 (CARTOSAT-1)     
1 28649U 05017A   23340.14345560  .00002022  00000+0  23713-3 0  9996
2 28649  97.6443  26.3655 0000654 151.1304 208.9948 14.86014598  6407
SINAH 1                 
1 28893U 05043D   23339.35207007  .00000767  00000+0  16092-3 0  9996
2 28893  98.1728  99.9691 0013800 295.5191  64.4583 14.62387110965254
EROS B                  
1 29079U 06014A   23340.11577296  .00021265  00000+0  92303-3 0  9993
2 29079  97.3327  95.3468 0007440 154.4851 205.6754 15.22323009978086
RESURS-DK 1             
1 29228U 06021A   23340.01543425  .00002296  00000+0  16443-3 0  9997
2 29228  69.9338 199.1993 0006960 296.0863  63.9582 15.05908848963109
ARIRANG-2 (KOMPSAT-2)   
1 29268U 06031A   23340.15399038  .00000494  00000+0  10415-3 0  9997
2 29268  97.8813 192.1426 0015948 118.9320 353.2850 14.63320215926360
LAPAN-TUBSAT            
1 29709U 07001A   23340.12413279  .00001061  00000+0  13558-3 0  9998
2 29709  98.0441 308.5454 0011583 317.0575  42.9733 14.83500511914033
CARTOSAT-2 (IRS-P7)     
1 29710U 07001B   23339.90091784  .00113605  65073-5  62488-3 0  9998
2 29710  97.8961 137.0477 0056232 288.2881  71.2270 15.77409110919110
HAIYANG-1B              
1 31113U 07010A   23340.00437832  .00000174  00000+0  82293-4 0  9995
2 31113  98.2949 345.9403 0014756  64.5158 295.7550 14.30509085869216
COSMO-SKYMED 1          
1 31598U 07023A   23340.11078346  .00000866  00000+0  11531-3 0  9993
2 31598  97.8852 161.1097 0001296  78.3688 281.7671 14.82160051892447
TERRASAR-X              
1 31698U 07026A   23339.53295476  .00003907  00000+0  18917-3 0  9990
2 31698  97.4460 344.4762 0001983  97.2269 262.9191 15.19146903912848
WORLDVIEW-1 (WV-1)      
1 32060U 07041A   23339.32804282  .00009953  00000+0  40564-3 0  9999
2 32060  97.3848  96.5791 0001652 226.2042 133.9059 15.24657067902038
YAOGAN 3                
1 32289U 07055A   23340.15249427  .00002530  00000+0  31126-3 0  9992
2 32289  97.9071   2.3188 0001287 106.6744 253.4611 14.83867576868545
COSMO-SKYMED 2          
1 32376U 07059A   23340.14454729  .00000849  00000+0  11321-3 0  9991
2 32376  97.8854 161.1439 0001513  83.7210 276.4175 14.82156686865200
RADARSAT-2              
1 32382U 07061A   23340.14270081  .00000137  00000+0  70176-4 0  9992
2 32382  98.5787 344.3130 0001132  89.4036 270.7276 14.29984314834000
CARTOSAT-2A             
1 32783U 08021A   23340.17115975  .00001273  00000+0  18042-3 0  9992
2 32783  97.8952  37.6410 0011587 226.2315 133.7938 14.78703422842331
HUANJING 1A (HJ-1A)     
1 33320U 08041A   23340.11799393  .00001761  00000+0  24439-3 0  9997
2 33320  97.6371 351.8265 0019098 286.0282  73.8827 14.78989033821661
HUANJING 1B (HJ-1B)     
1 33321U 08041B   23340.17997986  .00001525  00000+0  20810-3 0  9999
2 33321  97.6360 356.3645 0038101 331.8510  28.0642 14.79535445821685
GEOEYE 1                
1 33331U 08042A   23340.19870307  .00000830  00000+0  16539-3 0  9991
2 33331  98.0700  51.2157 0008007  53.4140 306.7799 14.64497193814925
THEOS                   
1 33396U 08049A   23340.18786408  .00000102  00000+0  68473-4 0  9993
2 33396  98.6851  44.9695 0001132 102.4416 257.6887 14.20070488786845
COSMO-SKYMED 3          
1 33412U 08054A   23340.11652328  .00003395  00000+0  31094-3 0  9999
2 33412  97.8811 170.4907 0017311 137.2434 223.0136 14.95514667818264
YAOGAN 4                
1 33446U 08061A   23339.96708702  .00001584  00000+0  22101-3 0  9990
2 33446  97.8655 270.8404 0015164 190.8194 169.2694 14.78994065808844
GOSAT (IBUKI)           
1 33492U 09002A   23339.73477947  .00001153  00000+0  21150-3 0  9991
2 33492  98.0252  90.0659 0001402  93.9316 266.2049 14.67573544795877
YAOGAN 6                
1 34839U 09021A   23339.86419131  .00013293  00000+0  32840-3 0  9999
2 34839  97.1489 305.3763 0021236 161.4274 198.7753 15.40372549813476
DEIMOS-1                
1 35681U 09041A   23340.13033153  .00000917  00000+0  15047-3 0  9994
2 35681  97.6754 167.5431 0000658   8.4832 351.6387 14.72860910770740
DUBAISAT-1              
1 35682U 09041B   23339.41139219  .00001771  00000+0  29801-3 0  9996
2 35682  97.8788 116.6959 0011775 151.7820 208.4027 14.70725982768947
OCEANSAT-2              
1 35931U 09051A   23340.17225530  .00000304  00000+0  23496-3 0  9996
2 35931  98.2947  42.4452 0015237 328.1053  31.9190 13.99411962750081
WORLDVIEW-2 (WV-2)      
1 35946U 09055A   23340.18824193  .00000281  00000+0  10831-3 0  9990
2 35946  98.4355  51.8485 0002390 116.4032 243.7401 14.37554609743026
SMOS                    
1 36036U 09059A   23339.54209449  .00000560  00000+0  19269-3 0  9998
2 36036  98.4391 164.3147 0001201  84.7316 275.4009 14.39741580740542
YAOGAN 7                
1 36110U 09069A   23340.19514855  .00000798  00000+0  12343-3 0  9994
2 36110  98.1303 210.1280 0026646 128.3402 232.0208 14.75833520753274
TANDEM-X                
1 36605U 10030A   23339.46708702  .00000436  00000+0  23976-4 0  9991
2 36605  97.4451 344.4093 0001766  84.7542 275.3894 15.19146581746252
CARTOSAT-2B             
1 36795U 10035A   23340.14035086  .00001211  00000+0  17179-3 0  9990
2 36795  97.8895  37.3878 0012078 310.2343  49.7811 14.78720870723374
YAOGAN 10               
1 36834U 10038A   23340.14811267  .00001064  00000+0  13979-3 0  9990
2 36834  97.9596 353.3480 0001303  96.8865 304.9756 14.82299957720252
COSMO-SKYMED 4          
1 37216U 10060A   23340.15718974  .00000848  00000+0  11311-3 0  9999
2 37216  97.8853 161.1556 0001340  88.0401 272.0966 14.82156305707758
RESOURCESAT-2           
1 37387U 11015A   23340.19801462  .00000262  00000+0  13897-3 0  9999
2 37387  98.6039  46.1200 0003591 329.1067  30.9899 14.21676238655424
HAIYANG-2A              
1 37781U 11043A   23340.00640597  .00000015  00000+0  57910-4 0  9999
2 37781  99.3242 341.7064 0000456 138.7444 221.3742 13.78760089619576
RASAT                   
1 37791U 11044D   23340.21839698  .00000928  00000+0  17810-3 0  9993
2 37791  98.0858  69.7832 0020472 234.8940 177.1536 14.65894261657720
SRMSAT                  
1 37841U 11058D   23339.93441602  .00000517  00000+0  13833-3 0  9990
2 37841  19.9715 251.5575 0011999 119.4187 316.3026 14.10996745627098
YAOGAN 13               
1 37941U 11072A   23340.14060376  .00017083  00000+0  52521-3 0  9990
2 37941  97.7013 308.9773 0002272  51.4531 308.6914 15.33759963666642
PLEIADES 1A             
1 38012U 11076F   23340.19812307 -.00000025  00000+0  44109-5 0  9992
2 38012  98.1848  52.6030 0001414 103.2013 309.8498 14.58534610637318
ZIYUAN 1-02C (ZY 1-02C) 
1 38038U 11079A   23340.17917591  .00000671  00000+0  24344-3 0  9995
2 38038  98.5243  45.8401 0006748 176.3819 241.1286 14.36488910626515
ZIYUAN 3-1 (ZY 3-1)     
1 38046U 12001A   23340.18396950  .00011013  00000+0  41975-3 0  9992
2 38046  97.2760  41.8627 0005459  77.2848 282.9002 15.26855231661296
ARIRANG-3 (KOMPSAT-3)   
1 38338U 12025B   23340.18686855  .00000871  00000+0  18174-3 0  9993
2 38338  98.2401 281.5956 0011401 121.9380 238.2932 14.62332140616387
KANOPUS-V 1             
1 38707U 12039A   23339.74372598  .00015107  00000+0  42833-3 0  9991
2 38707  97.4855 268.0631 0003130  77.7201 282.4393 15.36334998631251
EXACTVIEW-1 (ADS-1B)    
1 38709U 12039C   23340.15950517  .00000217  00000+0  11380-3 0  9992
2 38709  98.9617  63.3523 0010160 317.9567  42.0831 14.24335536591130
SPOT 6                  
1 38755U 12047A   23340.20339280  .00000590  00000+0  13662-3 0  9995
2 38755  98.1706  44.8803 0001065 102.6746 257.4572 14.58596464598394
PLEIADES 1B             
1 39019U 12068A   23340.15333419  .00000597  00000+0  13814-3 0  9990
2 39019  98.1798  52.4311 0001328  94.4993 265.6358 14.58557293586153
GOKTURK 2               
1 39030U 12073A   23340.18048143  .00000819  00000+0  13325-3 0  9993
2 39030  97.7761 204.3071 0002074  87.6096 272.5350 14.73512046588367
LANDSAT 8               
1 39084U 13008A   23340.14553126  .00000613  00000+0  14604-3 0  9992
2 39084  98.2090  47.7938 0001264  94.6437 265.4906 14.57135356575153
SARAL                   
1 39086U 13009A   23340.16376650  .00000194  00000+0  88136-4 0  9998
2 39086  98.5455 162.9948 0002732 120.5080 239.6373 14.32308373563307
GAOFEN-1                
1 39150U 13018A   23339.90232749  .00001121  00000+0  16791-3 0  9998
2 39150  98.0132  49.1052 0020311   4.0923 356.0449 14.76502935571892
VNREDSAT 1              
1 39160U 13021B   23340.19748736  .00001007  00000+0  20500-3 0  9990
2 39160  98.0232  47.6225 0001326 104.8387 255.2962 14.63074030565087
ARIRANG-5 (KOMPSAT-5)   
1 39227U 13042A   23340.16511393  .00001762  00000+0  13027-3 0  9995
2 39227  97.6164 163.7874 0002546  72.8857 287.2648 15.04480350564987
SKYSAT-A                
1 39418U 13066C   23339.63728462  .00003396  00000+0  25304-3 0  9996
2 39418  97.5174  40.7146 0024246 244.8929 114.9781 15.03337443549101
DUBAISAT-2              
1 39419U 13066D   23340.14913565  .00002921  00000+0  24951-3 0  9995
2 39419  97.4080 349.6826 0011461 272.4379  87.5532 14.98348042547459
GPM-CORE                
1 39574U 14009C   23339.92692265  .00013577  00000+0  29455-3 0  9993
2 39574  64.9882 163.0917 0012442 282.6181  77.3568 15.44579409555059
SENTINEL-1A             
1 39634U 14016A   23340.16204454  .00000335  00000+0  80697-4 0  9999
2 39634  98.1824 345.0533 0001267  90.2530 269.8815 14.59200691515295
KAZEOSAT 1              
1 39731U 14024A   23340.20624813 -.00000112  00000+0 -20824-4 0  9997
2 39731  98.4162  54.6567 0001262  79.7447 280.3885 14.41983163505449
ALOS-2                  
1 39766U 14029A   23340.20682053  .00002543  00000+0  34734-3 0  9992
2 39766  97.9230  74.6377 0001461 101.3351 258.8025 14.79471675514992
KAZEOSAT 2              
1 40010U 14033A   23340.18059892  .00000880  00000+0  11675-3 0  9998
2 40010  97.6452 209.1175 0013453 120.5175 239.7369 14.82124155511944
HODOYOSHI-4             
1 40011U 14033B   23340.15171853  .00001876  00000+0  23360-3 0  9998
2 40011  97.6007 194.2857 0026983 116.5260 243.8726 14.83354906511598
DEIMOS-2                
1 40013U 14033D   23340.14017633  .00002039  00000+0  23011-3 0  9999
2 40013  97.7023 227.5325 0002058 107.7544 252.3897 14.87609637512901
HODOYOSHI-3             
1 40015U 14033F   23339.87580115  .00001343  00000+0  18101-3 0  9990
2 40015  97.5958 170.9161 0036527 149.2229 211.1136 14.80242920510623
SPOT 7                  
1 40053U 14034A   23340.20339422  .00000782  00000+0  17637-3 0  9994
2 40053  98.1852  45.0756 0001045 104.5909 255.5406 14.58980077502320
SKYSAT-B                
1 40072U 14037D   23339.67102368  .00001734  00000+0  21936-3 0  9999
2 40072  98.3422 237.9013 0007069  40.4613 319.7124 14.83213336508686
WORLDVIEW-3 (WV-3)      
1 40115U 14048A   23340.16072747  .00001628  00000+0  19527-3 0  9997
2 40115  97.8296  51.3391 0001821  84.6985 275.4438 14.85379560504806
GAOFEN-2                
1 40118U 14049A   23340.13291677  .00003255  00000+0  42815-3 0  9997
2 40118  97.6920  34.0472 0005012  23.3159 336.8281 14.80830941502512
YAOGAN 21               
1 40143U 14053A   23340.16810624  .00009837  00000+0  41062-3 0  9997
2 40143  97.2830  39.2925 0010491 139.3209 220.8814 15.23801132514275
YAOGAN 22               
1 40275U 14063A   23339.76463846  .00000002  00000+0  12775-3 0  9992
2 40275 100.6364 105.6601 0006848 113.1222 247.0612 13.15470024438269
ASNARO                  
1 40298U 14070A   23340.22170062  .00013300  00000+0  62100-3 0  9995
2 40298  97.4292  60.1233 0006673 168.4800 191.6589 15.19928109503712
HODOYOSHI-1             
1 40299U 14070B   23340.15738813  .00015322  00000+0  39753-3 0  9996
2 40299  97.1718  38.6895 0009949  29.0336 331.1461 15.39029583505208
YAOGAN 23               
1 40305U 14071A   23340.19292271  .00022323  00000+0  61900-3 0  9990
2 40305  97.6741 309.6575 0003254  80.1232 280.0379 15.36948251502485
YAOGAN 24               
1 40310U 14072A   23340.20367702  .00001326  00000+0  19878-3 0  9998
2 40310  98.0345 100.6320 0012826 356.0803   4.0304 14.76252587487428
CBERS 4                 
1 40336U 14079A   23340.20467315  .00000227  00000+0  94024-4 0  9990
2 40336  98.4262  48.3631 0001326 128.3520 231.7785 14.35452122471416
RESURS P2               
1 40360U 14087A   23340.21539929  .00017130  00000+0  31389-3 0  9993
2 40360  97.1700  61.9924 0005463 307.2136  52.8617 15.49358841500945
YAOGAN-26               
1 40362U 14088A   23340.09232009  .00012264  00000+0  51389-3 0  9996
2 40362  97.0747   7.0106 0001601 348.8455  11.2747 15.23653473497742
SMAP                    
1 40376U 15003A   23339.97653206  .00000879  00000+0  17932-3 0  9995
2 40376  98.1290 344.1189 0001453  93.9192 266.2176 14.63351654472457
KOMPSAT-3A              
1 40536U 15014A   23340.14166649  .00008071  00000+0  40138-3 0  9992
2 40536  97.5913 283.8879 0001581 222.6629 137.4482 15.17895454480238
SENTINEL-2A             
1 40697U 15028A   23340.18645989  .00000228  00000+0  10366-3 0  9994
2 40697  98.5710  52.2126 0001163  87.8701 272.2615 14.30811765441604
GAOFEN-8                
1 40701U 15030A   23340.18759936  .00012321  00000+0  51959-3 0  9991
2 40701  97.6306 126.2661 0005846 289.5893  70.4712 15.23445338470107
CARBONITE 1 (CBNT-1)    
1 40718U 15032D   23340.16265558  .00002009  00000+0  28860-3 0  9998
2 40718  97.6703 184.6872 0017362  76.1927 284.1214 14.77394752452609
YAOGAN-27               
1 40878U 15040A   23340.12658507 -.00000029  00000+0  35618-4 0  9991
2 40878 100.0870 353.0069 0008355 182.5809 177.5263 13.16004590397622
GAOFEN-9 01             
1 40894U 15047A   23340.17472463  .00003647  00000+0  49892-3 0  9992
2 40894  97.7584  36.9392 0028507 270.8470  88.9476 14.78848446443411
LAPAN-A2                
1 40931U 15052B   23337.40314487  .00001702  00000+0  14444-3 0  9998
2 40931   6.0012 318.3939 0012912 174.6405 185.3862 14.77506852442307
YAOGAN-28               
1 41026U 15064A   23340.19025418  .00010114  00000+0  42524-3 0  9997
2 41026  97.1849 133.3745 0004266 128.9480 231.2138 15.23584870449942
YAOGAN-29               
1 41038U 15069A   23340.14268188  .00000737  00000+0  10125-3 0  9995
2 41038  98.0618 348.3991 0002886 125.5289 234.6193 14.81384589433732
KENT RIDGE 1            
1 41167U 15077B   23340.01777588  .00004052  00000+0  18324-3 0  9995
2 41167  14.9804 250.1090 0010397 250.9257 108.9937 15.13309467440547
TELEOS-1                
1 41169U 15077D   23339.90671026  .00012845  00000+0  49004-3 0  9991
2 41169  14.9793 186.0266 0008034   5.8040 354.2375 15.23441490441110
GAOFEN-4                
1 41194U 15083A   23339.85744944 -.00000314  00000+0  00000+0 0  9998
2 41194   0.0333  52.2963 0003709 174.6797 261.7709  1.00268354 29267
JASON-3                 
1 41240U 16002A   23340.17018647 -.00000026  00000+0  15169-3 0  9999
2 41240  66.0418 254.3084 0007633 271.0870  88.9271 12.80929316368797
SENTINEL-3A             
1 41335U 16011A   23340.18515298  .00000212  00000+0  10576-3 0  9992
2 41335  98.6337  44.7422 0000868  86.1545 273.9734 14.26734404406301
ZIYUAN 3-2 (ZY 3-2)     
1 41556U 16033A   23340.18283577  .00008158  00000+0  36633-3 0  9992
2 41556  97.4783  52.2113 0006620 138.2682 221.9060 15.21407916417502
CARTOSAT-2C             
1 41599U 16040A   23340.12131606  .00006453  00000+0  30843-3 0  9999
2 41599  97.4151  37.5109 0013552 108.5106 251.7603 15.19270066413413
SKYSAT-C1               
1 41601U 16040C   23340.18916497  .00010633  00000+0  37304-3 0  9992
2 41601  97.0922  44.7768 0003421 241.1082 118.9816 15.29593334416488
LAPAN-A3                
1 41603U 16040E   23340.13529462  .00003135  00000+0  13345-3 0  9999
2 41603  97.1548 357.7611 0014189  71.7178 288.5602 15.23607023413664
BIROS                   
1 41604U 16040F   23340.06981261  .00010194  00000+0  32227-3 0  9994
2 41604  97.1463   9.6408 0010721  34.2222 325.9710 15.32923569414393
GAOFEN-3                
1 41727U 16049A   23340.17692258  .00000141  00000+0  56017-4 0  9991
2 41727  98.4070 345.6982 0001838 104.4233 255.7161 14.42183172385450
SKYSAT-C4               
1 41771U 16058B   23340.12567995  .00011666  00000+0  35520-3 0  9993
2 41771  97.0428  32.0031 0003200  20.8279 339.3094 15.34134113403468
SKYSAT-C5               
1 41772U 16058C   23340.08707401  .00012332  00000+0  34879-3 0  9994
2 41772  97.1878  34.7748 0007169 141.4302 218.7456 15.36428294401860
SKYSAT-C2               
1 41773U 16058D   23340.14357338  .00009348  00000+0  33081-3 0  9999
2 41773  97.0448  31.8476 0002639 355.5850   4.5367 15.29342743403446
SKYSAT-C3               
1 41774U 16058E   23339.16972544  .00015678  00000+0  36790-3 0  9995
2 41774  97.0441  35.4904 0006456  99.9857 260.2120 15.42105240403603
ALSAT 1B                
1 41785U 16059C   23340.17056672  .00000604  00000+0  10695-3 0  9995
2 41785  97.8417  11.1207 0008604 318.5299  41.5254 14.70663563384681
PATHFINDER 1            
1 41787U 16059E   23340.06416712  .00001023  00000+0  19858-3 0  9996
2 41787  97.8499   6.1459 0028410 266.9626  92.8326 14.64976580384276
SCATSAT 1               
1 41790U 16059H   23340.14290577  .00000422  00000+0  11694-3 0  9990
2 41790  98.2491  21.1032 0004559   2.4438 357.6778 14.51381449380902
GOKTURK 1A              
1 41875U 16073A   23340.17680566  .00000765  00000+0  15918-3 0  9997
2 41875  98.1182 232.0511 0001315  83.3927 276.7425 14.62754020373740
RESOURCESAT-2A          
1 41877U 16074A   23340.18026626  .00000186  00000+0  10475-3 0  9992
2 41877  98.6681  52.3782 0001059 154.5007 205.6223 14.21648206363029
CARTOSAT-2D             
1 41948U 17008A   23339.89023333  .00006156  00000+0  29420-3 0  9990
2 41948  97.4556  37.0792 0004922 243.2961 116.7770 15.19366369377247
SENTINEL-2B             
1 42063U 17013A   23340.15153004  .00000228  00000+0  10347-3 0  9997
2 42063  98.5701  52.1896 0001069  92.1193 268.0113 14.30819509352516
ZHUHAI-1 02 (CAS-4B)    
1 42759U 17034B   23340.11850846  .00011858  00000+0  52581-3 0  9993
2 42759  43.0133 237.2890 0010534 149.7900 210.3559 15.21529784357786
NUSAT-3 (MILANESAT)     
1 42760U 17034C   23340.12523417  .00011997  00000+0  50308-3 0  9996
2 42760  43.0098 226.7584 0013826 170.8555 189.2550 15.23387628357921
ZHUHAI-1 01 (CAS-4A)    
1 42761U 17034D   23340.13233598  .00010769  00000+0  47774-3 0  9995
2 42761  43.0136 235.7011 0011079 151.9343 208.2105 15.21585515357799
CARTOSAT-2E             
1 42767U 17036C   23340.16961108  .00006436  00000+0  30859-3 0  9993
2 42767  97.4679  37.1437 0006353 318.3484  41.7266 15.19230782357855
FORMOSAT-5              
1 42920U 17049A   23340.19560136  .00000366  00000+0  10408-3 0  9991
2 42920  98.3102  55.5789 0011547  48.8342 311.3846 14.50770249332696
SENTINEL-5P             
1 42969U 17064A   23339.78990118  .00000164  00000+0  98226-4 0  9992
2 42969  98.7217 276.9233 0000774  92.2884 267.8381 14.19573539318418
SKYSAT-C11              
1 42987U 17068A   23339.93096828  .00015237  00000+0  48928-3 0  9998
2 42987  97.3392 101.7648 0003312 277.2469  82.8396 15.32384095340832
SKYSAT-C10              
1 42988U 17068B   23339.35744568  .00013110  00000+0  43306-3 0  9999
2 42988  97.3463 102.0389 0009352  40.8147 319.3793 15.31470144340788
SKYSAT-C9               
1 42989U 17068C   23339.77684680  .00012973  00000+0  43476-3 0  9998
2 42989  97.3399 100.7289 0021533 291.2810  68.6132 15.30823698341018
SKYSAT-C8               
1 42990U 17068D   23339.76744885  .00012714  00000+0  44937-3 0  9999
2 42990  97.3487 102.2917 0002800 212.8620 147.2446 15.29318687340822
SKYSAT-C7               
1 42991U 17068E   23339.79295644  .00013358  00000+0  44925-3 0  9999
2 42991  97.3490 102.5881 0003860 109.9952 250.1706 15.30921363340849
SKYSAT-C6               
1 42992U 17068F   23339.81853090  .00013377  00000+0  45177-3 0  9999
2 42992  97.3510 103.5459 0001609 100.2508 259.8915 15.30789347340881
CARTOSAT-2F             
1 43111U 18004A   23340.13705305  .00005882  00000+0  28300-3 0  9997
2 43111  97.4612  37.4001 0002633 343.7568  16.3581 15.19157552327036
NUSAT-4 (ADA)           
1 43195U 18015D   23340.12366324  .00290493  00000+0  11611-2 0  9994
2 43195  97.5739 148.4606 0005974 275.8933  84.1656 15.85806821326101
NUSAT-5 (MARYAM)        
1 43204U 18015K   23340.01013143  .00424322  73023-4  11671-2 0  9997
2 43204  97.5691 149.9964 0005836 284.1105  75.9521 15.93923162325782
GAOFEN-1 02             
1 43259U 18031A   23339.95855132  .00001478  00000+0  21876-3 0  9990
2 43259  97.8464  48.2519 0005218  80.5444 279.6356 14.76598992306314
GAOFEN-1 03             
1 43260U 18031B   23340.20784738  .00001294  00000+0  19271-3 0  9997
2 43260  97.8459  48.4285 0005678 144.9558 215.2027 14.76525880306343
GAOFEN-1 04             
1 43262U 18031D   23340.18336057  .00001383  00000+0  20538-3 0  9990
2 43262  97.8466  48.4906 0005116 106.7303 253.4469 14.76538087306330
SENTINEL-3B             
1 43437U 18039A   23339.17633867  .00000247  00000+0  12023-3 0  9996
2 43437  98.6246  43.8479 0001395 101.5326 258.6011 14.26744454292220
GAOFEN-5 01             
1 43461U 18043A   23339.43112287  .00000899  00000+0  20263-3 0  9993
2 43461  98.3318 283.9666 0003150  75.8416 284.3133 14.58749489296776
GAOFEN-6                
1 43484U 18048A   23340.01782870  .00001326  00000+0  19693-3 0  9991
2 43484  97.8854  54.2450 0008672 278.5486  81.4741 14.76619190297017
GAOFEN-11 01            
1 43585U 18063A   23340.15633423  .00009985  00000+0  38832-3 0  9999
2 43585  97.2601  46.3654 0010432  80.2240 280.0176 15.26171121298129
ICESAT-2                
1 43613U 18070A   23340.18287439  .00015146  00000+0  54932-3 0  9999
2 43613  91.9989  42.5285 0007635  88.2845 271.9279 15.28272692291346
HYSIS                   
1 43719U 18096A   23340.18633753  .00001897  00000+0  26553-3 0  9994
2 43719  97.8934  43.1572 0001148 227.1767 132.9348 14.78709401270879
KAZSTSAT                
1 43783U 18099AB  23340.14569089  .00001391  00000+0  13021-3 0  9999
2 43783  97.5575  33.3119 0006284 274.0242  86.0261 14.95624342272976
SAUDISAT 5A             
1 43831U 18102A   23340.15057608  .00004708  00000+0  26565-3 0  9990
2 43831  97.4358  45.5207 0014092 127.3048 232.9470 15.13548744275228
SAUDISAT 5B             
1 43833U 18102C   23340.20001669  .00004779  00000+0  26539-3 0  9993
2 43833  97.4400  47.1028 0014837 131.6254 228.6251 15.14103781275308
GAOFEN-10R              
1 44622U 19066A   23340.15854486  .00002089  00000+0  26812-3 0  9993
2 44622  97.9455 278.0520 0003378  50.7383 309.4129 14.82298525225463
CARTOSAT-3              
1 44804U 19081A   23340.19976635  .00004945  00000+0  23608-3 0  9990
2 44804  97.4312  33.2946 0012538 137.1186 223.1029 15.19443198223136
GAOFEN-12 01            
1 44819U 19082A   23340.15930122  .00000749  00000+0  10336-3 0  9996
2 44819  97.8332 353.8028 0001259  93.2820 266.8537 14.80951946217352
CSG-1                   
1 44873U 19092A   23340.10233469  .00000950  00000+0  12594-3 0  9994
2 44873  97.8853 161.1018 0001386  85.7949 274.3422 14.82150308214593
NUSAT-7 (SOPHIE)        
1 45017U 20003B   23339.96572369  .00229624  00000+0  10386-2 0  9993
2 45017  97.1425  43.8505 0006994 154.0595 206.1027 15.83337726218283
NUSAT-6 (HYPATIA)       
1 46272U 20061A   23339.91956346  .00030790  00000+0  67449-3 0  9994
2 46272  97.2607  47.7210 0003554 331.4461  28.6592 15.44047396181357
NEMO-HD                 
1 46277U 20061F   23340.17556461  .00006068  00000+0  26033-3 0  9998
2 46277  97.3266  42.5704 0003032  94.1649 265.9934 15.23078122180383
SENTINEL-6              
1 46984U 20086A   23340.13485355 -.00000049  00000+0  51156-4 0  9998
2 46984  66.0412 254.3164 0007794 269.4401  90.5721 12.80928668142102
GAOFEN-12 02            
1 48079U 21026A   23340.13820037  .00000853  00000+0  11713-3 0  9996
2 48079  97.9371 328.5838 0001777  86.5722 273.5694 14.80897700145027
PLEIADES NEO 3          
1 48268U 21034A   23340.20639506  .00001907  00000+0  24880-3 0  9992
2 48268  97.8941  52.2320 0001075  89.2301 270.9035 14.81676955140832
NUSAT-19 (ROSALIND)     
1 48905U 21059AC  23340.14284748  .00024594  00000+0  68980-3 0  9990
2 48905  97.5713 119.3162 0006697 351.1726   8.9399 15.36554619135907
NUSAT-22 (SOFYA)        
1 48919U 21059AS  23339.09089764  .00693448  23210-3  11409-2 0  9993
2 48919  97.3974 126.9406 0008009 274.0181  86.0183 16.03151445137388
PLEIADES NEO 4          
1 49070U 21073E   23340.17260202 -.00009812  00000+0 -12422-2 0  9999
2 49070  97.8956  52.1960 0001179  72.5362 287.5979 14.81669470124541
LANDSAT 9               
1 49260U 21088A   23340.17996555  .00000647  00000+0  15356-3 0  9998
2 49260  98.2126  47.8515 0001165  93.9719 266.1612 14.57127456116433
CSG-2                   
1 51444U 22008A   23340.13608740  .00000735  00000+0  98928-4 0  9995
2 51444  97.8853 161.1339 0001350  85.7722 274.3645 14.82148401 99714
INS-2TD                 
1 51658U 22013C   23339.54539163  .00023790  00000+0  81976-3 0  9993
2 51658  97.5393 353.2808 0009744 116.7402 243.4837 15.29973010100118
GAOFEN-12 03            
1 52912U 22069A   23340.19071955  .00002119  00000+0  27977-3 0  9994
2 52912  97.9304 228.5179 0001737  67.8455 292.2941 14.81074833 77901
SWOT                    
1 54754U 22173A   23339.87055982  .00000151  00000+0  10408-3 0  9996
2 54754  77.6097 203.0390 0000278  48.6347 311.4828 14.00172182 49791
GAOFEN-12 04            
1 57654U 23123A   23340.16084071  .00002148  00000+0  28420-3 0  9990
2 57654  97.9094 255.1696 0002333 111.6229 248.5232 14.80977443 15902
