SARSAT 7 (NOAA 15)      
1 25338U 98030A   23340.15725306  .00000252  00000+0  12262-3 0  9996
2 25338  98.5901   6.1508 0010603 166.1426 194.0047 14.26448841329776
GPS BIIR-08             
1 27663U 03005A   23339.75171913 -.00000030  00000+0  00000+0 0  9998
2 27663  55.1962 251.7355 0135914  45.5112 324.6983  2.00560783152771
GPS BIIR-11             
1 28190U 04009A   23339.16228014 -.00000059  00000+0  00000+0 0  9990
2 28190  55.6191 312.8156 0092112 141.8536 319.6628  2.00564544144394
GPS BIIR-13             
1 28474U 04045A   23339.94349190 -.00000080  00000+0  00000+0 0  9994
2 28474  55.4430   1.9842 0164516 285.6313  71.9672  2.00536793139889
SARSAT 10 (NOAA 18)     
1 28654U 05018A   23340.20641253  .00000315  00000+0  19266-3 0  9999
2 28654  98.8955  53.6436 0013392 251.3500 108.6218 14.13072514955869
GPS BIIR-14M            
1 28874U 05038A   23340.10804816 -.00000058  00000+0  00000+0 0  9997
2 28874  55.6678 310.2328 0140170 281.5525 166.5421  2.00569205133290
METEOSAT-9 (MSG-2)      
1 28912U 05049B   23339.84563403  .00000144  00000+0  00000+0 0  9990
2 28912   7.2400  62.4502 0002013 195.0409 167.2144  1.00279738 65788
GOES 13                 
1 29155U 06018A   23339.82507698 -.00000174  00000+0  00000+0 0  9993
2 29155   2.1169  87.5406 0086785 246.7354 340.4361  0.99156180 34106
GPS BIIR-16M            
1 29601U 06052A   23339.05381551 -.00000031  00000+0  00000+0 0  9992
2 29601  55.2204 250.7286 0085594  79.7424 281.2643  2.00554685124853
GPS BIIR-17M            
1 32260U 07047A   23339.36450384  .00000053  00000+0  00000+0 0  9990
2 32260  53.5103 118.3258 0152527  72.9470 288.7022  2.00574369118264
GPS BIIR-18M            
1 32384U 07062A   23340.21942740 -.00000058  00000+0  00000+0 0  9998
2 32384  55.8021 311.0633 0023887 151.4568 235.9592  2.00563511117049
SARSAT 12 (NOAA 19)     
1 33591U 09005A   23340.13135875  .00000285  00000+0  17771-3 0  9990
2 33591  99.0777  28.6228 0014711 117.8226 242.4438 14.12881209764225
GOES 14                 
1 35491U 09033A   23339.67154552 -.00000046  00000+0  00000+0 0  9991
2 35491   0.1860 259.0566 0001220 292.0966  16.2087  1.00272089 52832
GOES 15                 
1 36411U 10008A   23339.84857311  .00000060  00000+0  00000+0 0  9995
2 36411   0.1859 272.4613 0005991 341.7725 186.8550  1.00265879 50374
GPS BIIF-2              
1 37753U 11036A   23339.65989250 -.00000082  00000+0  00000+0 0  9999
2 37753  56.7546   7.8875 0127705  56.7031  77.4866  2.00523476 90735
GSAT0101 (GALILEO-PFM)  
1 37846U 11060A   23338.80396047 -.00000081  00000+0  00000+0 0  9990
2 37846  57.1180   6.8213 0001957 316.3148  43.7223  1.70476050 75340
GSAT0102 (GALILEO-FM2)  
1 37847U 11060B   23338.16264325 -.00000084  00000+0  00000+0 0  9996
2 37847  57.1188   6.8387 0003957 302.4154  70.1098  1.70475464 75348
LUCH 5A                 
1 37951U 11074B   23339.65475012 -.00000028  00000+0  00000+0 0  9997
2 37951   6.3820  88.1419 0003390 156.4954 232.2471  1.00269436 43780
METEOSAT-10 (MSG-3)     
1 38552U 12035B   23339.62159444  .00000016  00000+0  00000+0 0  9994
2 38552   2.5354  58.9035 0001311 242.6043 356.7032  1.00280964 41585
SARSAT 13 (METOP-B)     
1 38771U 12049A   23340.19632501  .00000202  00000+0  11230-3 0  9994
2 38771  98.6570  36.5004 0000926 108.4816 319.7985 14.21521224581983
GPS BIIF-3              
1 38833U 12053A   23339.45194116  .00000082  00000+0  00000+0 0  9995
2 38833  53.5114 181.4272 0147513  53.8593 307.5629  2.00568803 80894
GSAT0103 (GALILEO-FM3)  
1 38857U 12055A   23339.42959718  .00000065  00000+0  00000+0 0  9998
2 38857  55.3235 126.9603 0002517 238.0260 121.9313  1.70473667 69241
GSAT0104 (GALILEO-FM4)  
1 38858U 12055B   23339.39892673  .00000065  00000+0  00000+0 0  9991
2 38858  55.3235 126.9628 0001485 161.5738 198.4133  1.70473878 69245
GPS BIIF-4              
1 39166U 13023A   23339.31658627 -.00000058  00000+0  00000+0 0  9994
2 39166  55.2824 306.4240 0117894  41.6483 319.2417  2.00564218 77333
INSAT-3D                
1 39216U 13038B   23339.85275021 -.00000136  00000+0  00000+0 0  9995
2 39216   0.0304 283.7714 0002822 334.7003 204.9919  1.00272416 37812
GPS BIIF-5              
1 39533U 14008A   23339.81750704  .00000080  00000+0  00000+0 0  9994
2 39533  53.5966 186.9832 0067318 215.2187 144.4055  2.00557054 71691
LUCH 5V                 
1 39727U 14023A   23339.56877163 -.00000249  00000+0  00000+0 0  9995
2 39727   2.8094  76.9598 0004497 195.6155 100.9794  1.00268072 35085
GPS BIIF-6              
1 39741U 14026A   23339.10353734 -.00000085  00000+0  00000+0 0  9995
2 39741  56.7054   7.4305 0032443 310.0187  49.7484  2.00550904 69981
GPS BIIF-7              
1 40105U 14045A   23339.18642529  .00000069  00000+0  00000+0 0  9994
2 40105  54.8508 125.4017 0027515 116.0722 244.2007  2.00552886 67526
GSAT0201 (GALILEO 5)    
1 40128U 14050A   23337.89399355 -.00000082  00000+0  00000+0 0  9993
2 40128  49.8530 310.9424 1606145 143.7876 228.2627  1.85519719 61134
GSAT0202 (GALILEO 6)    
1 40129U 14050B   23338.15305077 -.00000082  00000+0  00000+0 0  9992
2 40129  49.8713 310.0054 1604264 144.6050 227.2081  1.85520430 63308
GPS BIIF-8              
1 40294U 14068A   23339.55465151 -.00000057  00000+0  00000+0 0  9991
2 40294  56.2554  66.8483 0048560  62.4886 298.0238  2.00577925 66663
GLONASS-K 2             
1 40315U 14075A   23338.45218695  .00000009  00000+0  00000+0 0  9996
2 40315  63.6299 222.4875 0018303 205.8271 154.1573  2.13101338 70128
GPS BIIF-9              
1 40534U 15013A   23339.70016326 -.00000020  00000+0  00000+0 0  9992
2 40534  53.4203 242.4634 0085291  27.5854 332.9188  2.00548961 63284
GSAT0203 (GALILEO 7)    
1 40544U 15017A   23338.58320806 -.00000082  00000+0  00000+0 0  9991
2 40544  56.9136   6.7879 0005384 257.7118 102.2799  1.70476174 53428
GSAT0204 (GALILEO 8)    
1 40545U 15017B   23338.25052427 -.00000084  00000+0  00000+0 0  9999
2 40545  56.9196   6.8114 0005216 246.7359 113.2610  1.70475810 16460
GPS BIIF-10             
1 40730U 15033A   23339.36339845 -.00000059  00000+0  00000+0 0  9990
2 40730  54.7690 304.9917 0089788  14.8430 345.4160  2.00550205 61447
METEOSAT-11 (MSG-4)     
1 40732U 15034A   23339.83821741  .00000082  00000+0  00000+0 0  9991
2 40732   0.9321  61.0384 0002118 213.9559 110.3289  1.00272427 30744
GSAT0205 (GALILEO 9)    
1 40889U 15045A   23339.19203561 -.00000011  00000+0  00000+0 0  9992
2 40889  55.3142 247.1608 0005272   8.2226 351.8357  1.70472902 51241
GSAT0206 (GALILEO 10)   
1 40890U 15045B   23338.23958566 -.00000013  00000+0  00000+0 0  9992
2 40890  55.3127 247.1828 0003831  19.1662 340.8991  1.70472942 51251
GPS BIIF-11             
1 41019U 15062A   23339.41208686 -.00000057  00000+0  00000+0 0  9995
2 41019  56.2381  66.7055 0093199 222.6871 136.6064  2.00562280 59285
ELEKTRO-L 2             
1 41105U 15074A   23339.69025542 -.00000096  00000+0  00000+0 0  9995
2 41105   4.3443  81.7837 0003592 177.8479  48.5870  1.00271330 29232
GSAT0209 (GALILEO 12)   
1 41174U 15079A   23339.58354663  .00000065  00000+0  00000+0 0  9998
2 41174  55.3413 126.6638 0001686 334.9049  25.0686  1.70474636 49014
GSAT0208 (GALILEO 11)   
1 41175U 15079B   23337.45687098  .00000055  00000+0  00000+0 0  9993
2 41175  55.3377 126.7202 0001022 350.7011   9.2729  1.70474485 49396
GPS BIIF-12             
1 41328U 16007A   23339.49825922  .00000072  00000+0  00000+0 0  9990
2 41328  55.0524 126.1882 0073916 233.9986 125.3052  2.00571408 57293
GSAT0211 (GALILEO 14)   
1 41549U 16030A   23338.75185635 -.00000012  00000+0  00000+0 0  9994
2 41549  55.4602 247.1585 0004031 346.4130  13.6263  1.70473092 46899
GSAT0210 (GALILEO 13)   
1 41550U 16030B   23339.04323578 -.00000011  00000+0  00000+0 0  9998
2 41550  55.4593 247.1518 0002722 320.7227  39.3073  1.70473405 46895
INSAT-3DR               
1 41752U 16054A   23339.85118380 -.00000057  00000+0  00000+0 0  9990
2 41752   0.0736  97.2587 0014195 172.0870 185.4782  1.00272617 26559
GSAT0207 (GALILEO 15)   
1 41859U 16069A   23338.11757735  .00000058  00000+0  00000+0 0  9995
2 41859  55.0057 126.7537 0001706 295.1792  64.7813  1.70474574 43613
GSAT0212 (GALILEO 16)   
1 41860U 16069B   23338.55870408  .00000060  00000+0  00000+0 0  9991
2 41860  55.0016 126.7382 0001276  28.7195 331.2671  1.70474810 43872
GSAT0213 (GALILEO 17)   
1 41861U 16069C   23339.51208353  .00000064  00000+0  00000+0 0  9997
2 41861  55.0049 126.7180 0002169 251.1302 108.8279  1.70473406 43882
GSAT0214 (GALILEO 18)   
1 41862U 16069D   23339.07255109  .00000062  00000+0  00000+0 0  9998
2 41862  55.0031 126.7241 0001298 238.4939 121.4743  1.70474876 43876
GOES 16                 
1 41866U 16071A   23339.82142203 -.00000228  00000+0  00000+0 0  9993
2 41866   0.0410 257.3785 0001156  36.0249   1.4740  1.00272393 25837
GSAT-17                 
1 42815U 17040B   23339.85501281 -.00000238  00000+0  00000+0 0  9994
2 42815   0.0947  94.3969 0006635 167.2194 214.0912  1.00272619 23521
GSAT0215 (GALILEO 19)   
1 43055U 17079A   23337.21508933 -.00000014  00000+0  00000+0 0  9994
2 43055  55.4374 247.0256 0002282 308.1565  51.8755  1.70473854 37184
GSAT0216 (GALILEO 20)   
1 43056U 17079B   23339.26669142 -.00000010  00000+0  00000+0 0  9998
2 43056  55.4365 246.9688 0003710 302.4726  57.5415  1.70473978 37234
GSAT0217 (GALILEO 21)   
1 43057U 17079C   23340.07367573 -.00000007  00000+0  00000+0 0  9999
2 43057  55.4343 246.9457 0003518 322.4697  37.5552  1.70473856 37235
GSAT0218 (GALILEO 22)   
1 43058U 17079D   23337.94737605 -.00000013  00000+0  00000+0 0  9996
2 43058  55.4360 247.0018 0003926 296.7424  63.2691  1.70473895 37226
GOES 17                 
1 43226U 18022A   23340.09424324 -.00000070  00000+0  00000+0 0  9996
2 43226   0.0101 151.1665 0001883  91.4473 121.2921  1.00271606 21176
GSAT0221 (GALILEO 25)   
1 43564U 18060A   23337.84698303 -.00000085  00000+0  00000+0 0  9998
2 43564  57.2937   6.7588 0005627 271.9197  88.0677  1.70476127 33374
GSAT0222 (GALILEO 26)   
1 43565U 18060B   23339.23836681 -.00000079  00000+0  00000+0 0  9990
2 43565  57.2968   6.7226 0005131 249.0214 110.9767  1.70475869 33449
GSAT0219 (GALILEO 23)   
1 43566U 18060C   23337.11422813 -.00000087  00000+0  00000+0 0  9993
2 43566  57.2963   6.7820 0004858 275.9501  84.0462  1.70476133 33388
GSAT0220 (GALILEO 24)   
1 43567U 18060D   23339.09446240 -.00000079  00000+0  00000+0 0  9994
2 43567  57.2965   6.7290 0005144 273.0311  86.9630  1.70476200 33405
BEIDOU-3 M13            
1 43622U 18072A   23339.36441783  .00000000  00000+0  00000+0 0  9999
2 43622  55.8421  93.3882 0005286 281.4071  78.5204  1.86231249 35438
BEIDOU-3 M14            
1 43623U 18072B   23339.22987157  .00000000  00000+0  00000+0 0  9995
2 43623  55.8439  93.3855 0002576 314.4217  45.5441  1.86231252 35426
GPS BIII-1              
1 43873U 18109A   23338.88662045  .00000074  00000+0  00000+0 0  9991
2 43873  55.2263 128.7469 0027579 190.1648 342.3807  2.00571888 36517
METEOR-M2 2             
1 44387U 19038A   23340.13173240  .00000095  00000+0  61222-4 0  9990
2 44387  98.8011 303.8881 0001835 127.7347 232.3998 14.23831949229771
GPS BIII-2              
1 44506U 19056A   23339.52701608 -.00000085  00000+0  00000+0 0  9991
2 44506  55.8323   7.7895 0038691 189.8259 342.9782  2.00567838 31527
BEIDOU-3 M23            
1 44542U 19061A   23336.92361325  .00000011  00000+0  00000+0 0  9994
2 44542  54.4684 214.0298 0008821   5.0945 354.9999  1.86231592 28522
BEIDOU-3 M24            
1 44543U 19061B   23339.46781672  .00000030  00000+0  00000+0 0  9999
2 44543  54.4663 213.9129 0005652   1.6882 176.1806  1.86232027 28572
BEIDOU-3 M21            
1 44793U 19078A   23339.99065453 -.00000072  00000+0  00000+0 0  9991
2 44793  54.7002 332.0984 0005781   4.0537 355.9663  1.86232223 27449
BEIDOU-3 M22            
1 44794U 19078B   23338.51013570 -.00000076  00000+0  00000+0 0  9996
2 44794  54.6749 332.1300 0004008 349.5109  10.4945  1.86232712 27419
ELEKTRO-L 3             
1 44903U 19095A   23339.85882701 -.00000077  00000+0  00000+0 0  9996
2 44903   0.0629 235.2274 0001007   8.0465 216.2723  1.00273023 14438
GPS BIII-3              
1 45854U 20041A   23339.49240457 -.00000060  00000+0  00000+0 0  9993
2 45854  55.9600  65.0901 0039308 190.3384 259.6135  2.00561369 25498
COSMOS 2547             
1 46805U 20075A   23339.03240180  .00000012  00000+0  00000+0 0  9996
2 46805  64.6067 223.4245 0006024 239.6714 120.3441  2.13102929 24190
GPS BIII-4              
1 46826U 20078A   23340.12657522 -.00000025  00000+0  00000+0 0  9991
2 46826  54.2651 248.2962 0037734 194.1448 329.9291  2.00562701 22966
GSAT0223 (GALILEO 27)   
1 49809U 21116A   23338.65888091 -.00000081  00000+0  00000+0 0  9993
2 49809  57.2875   6.6360 0003799 232.1827 310.8209  1.70476375 12400
GSAT0224 (GALILEO 28)   
1 49810U 21116B   23338.76638471 -.00000081  00000+0  00000+0 0  9992
2 49810  57.2884   6.6314 0002977 237.8328 123.6369  1.70476291 12433
GOES 18                 
1 51850U 22021A   23339.48974269  .00000116  00000+0  00000+0 0  9991
2 51850   0.0297 116.2561 0000383 130.2610 226.8282  1.00272914  6516
