CRE (WAAS/PRN 138)      
1 28868U 05036A   24164.05275743 -.00000071  00000+0  00000+0 0  9993
2 28868   2.4198  85.7036 0003567 359.1398  87.7253  1.00272696 68780
IOR-W (EGNOS/PRN 126)   
1 28899U 05044A   24164.00952086 -.00000259  00000+0  00000+0 0  9991
2 28899   4.1845  42.4312 0001844  45.0028 320.3019  1.00271031 68133
GSAT-8 (GAGAN/PRN 127)  
1 37605U 11022A   24164.15658358  .00000088  00000+0  00000+0 0  9999
2 37605   0.2271  91.7052 0002675 197.9366  82.7857  1.00272115 47872
LUCH 5A (SDCM/PRN 140)  
1 37951U 11074B   24163.54412684 -.00000048  00000+0  00000+0 0  9999
2 37951   6.8718  85.0631 0003934   4.7157 173.3239  1.00271944 45671
SES-5 (EGNOS/PRN 136)   
1 38652U 12036A   24164.25484998  .00000038  00000+0  00000+0 0  9991
2 38652   0.0407 314.5878 0001884 127.0444 276.1583  1.00272304 43701
GSAT-10 (GAGAN/PRN 128) 
1 38779U 12051B   24164.02827300 -.00000161  00000+0  00000+0 0  9999
2 38779   0.0046  19.9172 0000867 324.0347  10.0453  1.00270074 42920
LUCH 5B (SDCM/PRN 125)  
1 38977U 12061A   24163.42678223 -.00000137  00000+0  00000+0 0  9994
2 38977   8.8770  56.7603 0003566  87.4104 253.4179  1.00272054 42229
ASTRA 5B (EGNOS/PRN 123)
1 39617U 14011B   24163.29148632  .00000138  00000+0  00000+0 0  9994
2 39617   0.0525 322.4139 0002129  89.5937 336.5168  1.00271273 37284
LUCH 5V (SDCM/PRN 141)  
1 39727U 14023A   24164.14979885 -.00000265  00000+0  00000+0 0  9998
2 39727   3.2860  76.0856 0002013  49.6387 283.8801  1.00268633555132
GSAT-15 (GAGAN/PRN 139) 
1 41028U 15065A   24162.94764014 -.00000258  00000+0  00000+0 0  9996
2 41028   0.0620 263.2510 0003676 162.5078 268.6393  1.00273139 31428
E 117 W B (WAAS/PRN 131)
1 41589U 16038B   24164.17271693 -.00000008  00000+0  00000+0 0  9995
2 41589   0.0080 153.9524 0000401 323.6899  88.5207  1.00270855 29336
SES-15 (WAAS/PRN 133)   
1 42709U 17026A   24164.26965506  .00000064  00000+0  00000+0 0  9992
2 42709   0.0289  38.8950 0000220  17.2929 172.8121  1.00270136 26819
QZS-2 (QZSS/PRN 194)    
1 42738U 17028A   24163.54502130 -.00000207  00000+0  00000+0 0  9996
2 42738  40.5817 253.8430 0759954 269.1701  74.3178  1.00285673 25741
QZS-3 (QZSS/PRN 199)    
1 42917U 17048A   24164.12202192 -.00000344  00000+0  00000+0 0  9999
2 42917   0.0587 155.3194 0001371 274.4427   2.1221  1.00275554 24996
QZS-4 (QZSS/PRN 195)    
1 42965U 17062A   24162.49323866 -.00000365  00000+0  00000+0 0  9991
2 42965  40.5168 352.8706 0746804 271.4449 309.5021  1.00255040 24422
BEIDOU-3 G1 (PRN 130)   
1 43683U 18085A   24164.17965863 -.00000274  00000+0  00000+0 0  9990
2 43683   2.1801 109.7613 0003732 346.9769   8.8854  1.00276530 20687
BEIDOU-3 G2 (PRN 144)   
1 45344U 20017A   24164.16154385 -.00000138  00000+0  00000+0 0  9991
2 45344   2.3103  29.4686 0001144 103.5571 266.1411  1.00272271 15906
BEIDOU-3 G3 (PRN 143)   
1 45807U 20040A   24164.13868748 -.00000350  00000+0  00000+0 0  9999
2 45807   0.7696  41.7776 0005371 283.9480  95.7141  1.00274550 14710
GALAXY 30 (WAAS/PRN 135)
1 46114U 20056C   24164.24991167  .00000041  00000+0  00000+0 0  9998
2 46114   0.0120  47.2226 0001941  31.0091 147.7751  1.00272712 14035
QZS-1R (QZSS/PRN 196)   
1 49336U 21096A   24163.71683999 -.00000271  00000+0  00000+0 0  9990
2 49336  35.9344  90.6109 0755843 271.4338 290.9785  1.00261450  9626
