HST                     
1 20580U 90037B   23340.04729344  .00005011  00000+0  25049-3 0  9998
2 20580  28.4675 203.0446 0002803  78.4367  40.8361 15.15123365647793
POLAR                   
1 23802U 96013A   23333.65653167  .00000197  00000+0  00000+0 0  9992
2 23802  78.9853 236.5412 5797418 240.6366  49.9237  1.29847033132779
SWAS                    
1 25560U 98071A   23339.53961356  .00004850  00000+0  41369-3 0  9993
2 25560  69.8997  72.3610 0009546 244.0550 115.9625 14.98337363358216
CXO                     
1 25867U 99040B   23342.47494569  .00000616  00000+0  00000+0 0  9993
2 25867  37.8696 174.5342 9024826 280.6536 359.9993  0.37816324 13832
XMM-NEWTON              
1 25989U 99066A   23338.45110024 -.00000022  00000+0  00000+0 0  9992
2 25989  68.5217 295.8020 5346420  80.0543  82.5922  0.50137907 18373
TERRA                   
1 25994U 99068A   23340.14971661  .00000730  00000+0  16334-3 0  9997
2 25994  98.0758  44.1245 0000840 211.2905 178.4311 14.59475589274869
CLUSTER II-FM7 (SAMBA)  
1 26410U 00041A   23342.11208732  .00001026  00000+0  00000+0 0  9993
2 26410 137.4503 354.6010 6974225 209.1158   0.0633  0.44217971 16192
CLUSTER II-FM6 (SALSA)  
1 26411U 00041B   23342.11207832  .00001846  00000+0  00000+0 0  9994
2 26411 144.2065   8.6275 8618936 222.7904   0.1535  0.44223623 27260
CLUSTER II-FM5 (RUMBA)  
1 26463U 00045A   23342.10925848  .00001821  00000+0  00000+0 0  9991
2 26463 146.8452   7.1328 8120417 222.0401   0.0943  0.44222410 28531
CLUSTER II-FM8 (TANGO)  
1 26464U 00045B   23342.11182509  .00001026  00000+0  00000+0 0  9999
2 26464 137.4504 354.5876 6973404 209.1250   0.0312  0.44220269 16202
ODIN                    
1 26702U 01007A   23339.52107919  .00008987  00000+0  44858-3 0  9992
2 26702  97.4959 351.1650 0006916 232.7801 127.2802 15.17710991247330
TIMED                   
1 26998U 01055B   23339.85516783  .00001978  00000+0  20654-3 0  9992
2 26998  74.0717 289.7446 0001812 304.5085  55.5925 14.90463291192865
INTEGRAL                
1 27540U 02048A   23340.06856476  .00000283  00000+0  00000+0 0  9997
2 27540  86.8290  30.1890 8707171 287.2954  44.3058  0.37578914 23151
CORIOLIS                
1 27640U 03001A   23339.95326490  .00000222  00000+0  12623-3 0  9993
2 27640  98.7153 345.2914 0014085 358.5577   1.5556 14.19357586 83080
SORCE                   
1 27651U 03004A   23339.79993245  .00003606  00000+0  34962-3 0  9997
2 27651  39.9935  96.0820 0020561 297.6911  62.1793 14.93368950133187
MOST                    
1 27843U 03031D   23339.49450980  .00000177  00000+0  10186-3 0  9993
2 27843  98.7079 344.2788 0010742  46.3008 313.9058 14.20870871 59378
SCISAT 1                
1 27858U 03036A   23340.06179970  .00001018  00000+0  14380-3 0  9991
2 27858  73.9317 203.8450 0006700 124.3916 235.7894 14.78642430 94722
SWIFT                   
1 28485U 04047A   23339.76774952  .00008813  00000+0  44277-3 0  9995
2 28485  20.5554 127.3741 0008738 296.3327  63.6211 15.14134775 44626
CLOUDSAT                
1 29107U 06016A   23339.89399105  .00000681  00000+0  13796-3 0  9999
2 29107  98.3969 312.8093 0004276  71.4028 288.7638 14.64540118937502
CALIPSO                 
1 29108U 06016B   23340.15350552  .00001958  00000+0  37598-3 0  9998
2 29108  98.3976 312.6078 0001254  84.0775 276.0570 14.64863831937554
HINODE (SOLAR-B)        
1 29479U 06041A   23339.49977639  .00001167  00000+0  22203-3 0  9992
2 29479  98.0993 352.5442 0017579 340.0371  20.0143 14.65883611919252
SJ-6C                   
1 29505U 06046A   23340.14662711  .00005144  00000+0  41039-3 0  9990
2 29505  97.7367   2.8893 0008823  65.6858 294.5286 15.00715543933036
SJ-6D                   
1 29506U 06046B   23340.10756408  .00001556  00000+0  14315-3 0  9994
2 29506  97.7584   1.8218 0001124 179.2875 180.8348 14.96215384932303
AGILE                   
1 31135U 07013A   23340.09384163  .00116277  00000+0  68426-3 0  9992
2 31135   2.4641 245.0076 0003006  34.7456 325.2795 15.76153672927738
FGRST (GLAST)           
1 33053U 08029A   23339.72839339  .00003408  00000+0  16012-3 0  9994
2 33053  25.5823 103.0763 0010670 287.5803  72.3567 15.15276878855039
WISE                    
1 36119U 09071A   23339.87235754  .00023389  00000+0  42763-3 0  9997
2 36119  97.1756  11.0490 0002974 121.3982 238.7561 15.49371041778032
SDO                     
1 36395U 10005A   23339.25705668 -.00000043  00000+0  00000+0 0  9997
2 36395  32.7247 100.6542 0002211 197.8270 126.0059  1.00271519 50780
CRYOSAT 2               
1 36508U 10013A   23340.20877661  .00000275  00000+0  67622-4 0  9996
2 36508  92.0337  54.0140 0002460 177.2167 182.9054 14.51897060724053
X-SAT                   
1 37389U 11015C   23340.14406184  .00000136  00000+0  75834-4 0  9998
2 37389  98.2962 349.8198 0014298 172.5071 187.6325 14.24599997656601
GCOM-W1 (SHIZUKU)       
1 38337U 12025A   23339.80387455  .00001115  00000+0  25722-3 0  9992
2 38337  98.2196 277.5945 0001467  51.4045 338.4984 14.57156844614428
NUSTAR                  
1 38358U 12031A   23339.97980409  .00005412  00000+0  42814-3 0  9993
2 38358   6.0281  48.8802 0010332 189.9951 169.9973 14.93764740625177
NEOSSAT                 
1 39089U 13009D   23339.51818806  .00000362  00000+0  14187-3 0  9993
2 39089  98.4023 167.0017 0012169 119.5409 240.6991 14.35000671564088
BRITE-AUSTRIA           
1 39091U 13009F   23340.02135663  .00000339  00000+0  13229-3 0  9997
2 39091  98.3836 167.9125 0011391 116.2934 243.9423 14.35623689564417
IRIS                    
1 39197U 13033A   23340.12733268  .00001991  00000+0  26192-3 0  9995
2 39197  97.9642 166.8749 0027804  90.9107 269.5291 14.81062931563379
HISAKI (SPRINT-A)       
1 39253U 13049A   23340.14943441  .00000184  00000+0  16380-3 0  9994
2 39253  29.7184 237.2263 0136850  86.6171 275.0044 13.55359249507002
CASSIOPE                
1 39265U 13055A   23340.18978558  .00027591  00000+0  62615-3 0  9998
2 39265  80.9590  50.0674 0539538 145.3363 218.4286 14.59592265529979
STSAT-3                 
1 39422U 13066G   23340.13265224  .00001851  00000+0  18134-3 0  9997
2 39422  97.5020 323.0807 0019865 291.9903  67.9206 14.93299416545844
SWARM B                 
1 39451U 13067A   23339.87443725  .00003945  00000+0  18972-3 0  9999
2 39451  87.7479 260.5115 0003317  85.7843 274.3779 15.18522140542497
SWARM A                 
1 39452U 13067B   23339.86031979  .00005360  00000+0  18726-3 0  9993
2 39452  87.3471  32.7954 0003491  96.3684 263.7963 15.29336625564034
SWARM C                 
1 39453U 13067C   23339.86022978  .00005427  00000+0  18961-3 0  9998
2 39453  87.3469  31.3928 0003496  96.4485 263.7162 15.29335625563997
BRITE-CA1 (TORONTO)     
1 40020U 14033L   23339.34759146  .00001395  00000+0  23595-3 0  9990
2 40020  97.8495 118.8153 0084221 355.0249   5.0111 14.68590987506266
OCO 2                   
1 40059U 14035A   23339.86287185  .00000921  00000+0  21434-3 0  9994
2 40059  98.2196 278.3909 0001872  68.8005 291.3394 14.57140346501448
BRITE-PL2 (HEWELIUSZ)   
1 40119U 14049B   23339.96706534  .00002405  00000+0  27061-3 0  9992
2 40119  97.8834  75.7883 0014970 284.5395  75.4160 14.87552205503786
RESURS P2               
1 40360U 14087A   23340.21539929  .00017130  00000+0  31389-3 0  9993
2 40360  97.1700  61.9924 0005463 307.2136  52.8617 15.49358841500945
MMS 1                   
1 40482U 15011A   23340.16667824 -.00000094  00000+0  00000+0 0  9990
2 40482  35.6671  32.3888 9153776 127.6261  99.0844  0.28406343 14822
MMS 2                   
1 40483U 15011B   23340.16667824 -.00000094  00000+0  00000+0 0  9991
2 40483  35.6749  32.3990 9153046 127.6189  99.0864  0.28406463 14805
MMS 3                   
1 40484U 15011C   23340.16667824 -.00000094  00000+0  00000+0 0  9992
2 40484  35.6580  32.4170 9152583 127.5978  99.1050  0.28409825 14803
MMS 4                   
1 40485U 15011D   23340.16667824 -.00000094  00000+0  00000+0 0  9993
2 40485  35.6607  32.4213 9153465 127.5850  99.1369  0.28409834 14804
ASTROSAT                
1 40930U 15052A   23339.11548302  .00002278  00000+0  21985-3 0  9999
2 40930   6.0010 314.4135 0008377 189.5729 170.4239 14.78173437442496
DAMPE                   
1 41173U 15078A   23340.05645635  .00001943  00000+0  77658-4 0  9996
2 41173  97.4185 329.6827 0014824 105.8796 254.4078 15.26247408443363
PISAT                   
1 41784U 16059B   23339.84179049  .00001341  00000+0  25614-3 0  9996
2 41784  97.8534   5.6476 0029563 270.7371  89.0446 14.65215018384191
HXMT (HUIYAN)           
1 42758U 17034A   23340.19517874  .00007979  00000+0  43670-3 0  9999
2 42758  43.0148 269.1805 0002209   3.3437 356.7424 15.14559156357426
FLYING LAPTOP           
1 42831U 17042G   23339.88175629  .00002886  00000+0  27597-3 0  9994
2 42831  97.3814 167.2992 0013663  16.6765 343.4903 14.93892618348112
ZHANGZHENG-1 (CSES)     
1 43194U 18015C   23340.18500445  .00013315  00000+0  59761-3 0  9998
2 43194  97.5857 117.3300 0016578 126.6431 233.6331 15.21189622324208
SALSAT                  
1 46495U 20068K   23339.83310322  .00006226  00000+0  38703-3 0  9995
2 46495  97.7914 290.0821 0012906 255.6820 104.2975 15.09954741174954
IXPE                    
1 49954U 21121A   23336.56469311  .00008553  00000+0  67685-3 0  9995
2 49954   0.2310  56.7999 0009873 231.7151  71.3780 14.95696140108258
