AMC-1 (GE-1)            
1 24315U 96054A   23339.78233743 -.00000040  00000+0  00000+0 0  9999
2 24315   6.8974  68.3824 0010481 197.5172 178.3891  0.99502186 37049
AMC-3 (GE-3)            
1 24936U 97050A   23339.75047517 -.00000241  00000+0  00000+0 0  9997
2 24936   5.8639  74.2044 0002952 198.2329   0.0275  1.00271946 43168
ASTRA 1G                
1 25071U 97076A   23339.11308021 -.00000225  00000+0  00000+0 0  9998
2 25071   7.3542  63.0928 0009054 143.4338 232.9463  0.99040008 95216
ASTRA 2A                
1 25462U 98050A   23339.84778991  .00000088  00000+0  00000+0 0  9998
2 25462   4.7528  79.6685 0003268 179.8191 177.3010  1.00273381 37063
NSS-11 (AAP-1)          
1 26554U 00059A   23339.72819734  .00000045  00000+0  00000+0 0  9994
2 26554   0.0155 331.1167 0002791 282.8436 258.4677  1.00271447 32021
AMC-6 (GE-6)            
1 26580U 00067A   23339.73716069  .00000124  00000+0  00000+0 0  9998
2 26580   0.0225 310.7079 0002826 312.1063 297.8460  1.00271258 84625
ASTRA 2C                
1 26853U 01025A   23339.75038816 -.00000240  00000+0  00000+0 0  9995
2 26853   5.8861  74.0226 0003123 190.3417   7.5990  1.00271045 35771
NSS-7                   
1 27414U 02019A   23339.04450920 -.00000142  00000+0  00000+0 0  9990
2 27414   7.1572  66.6438 0002713 203.3447 159.6285  1.00271219 79297
NSS-6                   
1 27603U 02057A   23339.85353341  .00000024  00000+0  00000+0 0  9998
2 27603   2.9779  85.6227 0006352 193.7761 188.4062  0.99122138 76764
AMC-11 (GE-11)          
1 28252U 04017A   23339.67102338 -.00000030  00000+0  00000+0 0  9993
2 28252   0.0225  20.6346 0002961 242.6154 301.4323  1.00271101 71606
AMC-15                  
1 28446U 04041A   23339.64106309 -.00000069  00000+0  00000+0 0  9996
2 28446   0.0231 320.2425 0002450 305.5424 294.1371  1.00272605 70045
NSS-10 (AMC-12)         
1 28526U 05003A   23339.68573024 -.00000231  00000+0  00000+0 0  9991
2 28526   4.1248  81.4214 0002860 170.0114  32.1990  1.00270302 43886
ASTRA 1KR               
1 29055U 06012A   23339.84021892  .00000140  00000+0  00000+0 0  9997
2 29055   0.0325 291.6874 0005263 312.7317 151.6467  1.00269396 36454
AMC-18                  
1 29644U 06054B   23339.91021479 -.00000165  00000+0  00000+0 0  9994
2 29644   0.2194 132.4522 0008422  67.7908 322.9111  0.98859625 62251
ASTRA 1L                
1 31306U 07016A   23340.02966108  .00000140  00000+0  00000+0 0  9994
2 31306   0.0536 321.6698 0005339 312.6827 190.0745  1.00270949 60771
ASTRA 4A (SIRIUS 4)     
1 32299U 07057A   23339.91849706  .00000053  00000+0  00000+0 0  9994
2 32299   0.0241  40.5466 0003065 218.0634 151.3143  1.00272084 42397
AMC-21                  
1 33275U 08038B   23339.66732692  .00000056  00000+0  00000+0 0  9999
2 33275   0.5531  92.9093 0003443 171.2797 285.3658  1.00272782 56227
ASTRA 1M                
1 33436U 08057A   23339.84021892  .00000140  00000+0  00000+0 0  9996
2 33436   0.0158  39.2178 0003039 162.6529 194.2122  1.00272291 36465
CIEL-2                  
1 33453U 08063A   23339.73916221  .00000078  00000+0  00000+0 0  9999
2 33453   0.3706  93.4271 0002895 164.8347 313.2732  1.00272182 54866
NSS-9                   
1 33749U 09008A   23339.80123274  .00000092  00000+0  00000+0 0  9999
2 33749   0.0240 317.3796 0002230 299.0429 289.4561  1.00274651 54259
SES-7 (PROTOSTAR 2)     
1 34941U 09027A   23339.85258003 -.00000325  00000+0  00000+0 0  9999
2 34941   0.0499  77.2539 0002438 171.2357 241.0966  1.00271448 53352
NSS-12                  
1 36032U 09058A   23339.84778991  .00000091  00000+0  00000+0 0  9997
2 36032   0.0163 320.1422 0002701 293.9336 182.5164  1.00271516 51641
SES-1                   
1 36516U 10016A   23339.81620066 -.00000094  00000+0  00000+0 0  9990
2 36516   0.0278  46.3506 0002691 214.4960   6.3565  1.00272508 49764
ASTRA 3B                
1 36581U 10021A   23339.84108916  .00000157  00000+0  00000+0 0  9995
2 36581   0.0480   9.1830 0002098 231.0612 160.4320  1.00269685 49604
SES-3                   
1 37748U 11035A   23340.02523339 -.00000082  00000+0  00000+0 0  9997
2 37748   0.0192 353.3321 0003238 274.0067  73.3219  1.00274986 45433
ASTRA 1N                
1 37775U 11041A   23339.84021892  .00000139  00000+0  00000+0 0  9991
2 37775   0.0539  11.6265 0000756 288.4189  95.9931  1.00267525 35256
SES-2                   
1 37809U 11049A   23339.81907241 -.00000176  00000+0  00000+0 0  9997
2 37809   0.0125 352.5834 0002593 264.1126  25.5443  1.00272239 44690
QUETZSAT 1              
1 37826U 11054A   23340.07757848 -.00000221  00000+0  00000+0 0  9999
2 37826   0.0158 329.7252 0002691 303.7609 112.0642  1.00270333 44832
SES-4                   
1 38087U 12007A   23339.83203880 -.00000148  00000+0  00000+0 0  9990
2 38087   0.0218  31.5059 0002635 231.3148  89.0870  1.00269651 42963
SES-5                   
1 38652U 12036A   23340.08660308  .00000055  00000+0  00000+0 0  9997
2 38652   0.0331 317.6248 0002098 295.1662 217.9847  1.00270660 41807
ASTRA 2F                
1 38778U 12051A   23339.84204640  .00000170  00000+0  00000+0 0  9996
2 38778   0.0573 250.7202 0004125 349.0691 165.9331  1.00270832 31850
SES-6                   
1 39172U 13026A   23339.82838385 -.00000241  00000+0  00000+0 0  9995
2 39172   0.0284 316.7970 0002538 294.3316  80.9750  1.00271772 38453
O3B FM5                 
1 39188U 13031A   23339.58371105 -.00000017  00000+0  00000+0 0  9994
2 39188   0.0336  10.8015 0003016 240.5906 108.5788  5.00114852190782
O3B FM4                 
1 39189U 13031B   23339.63928811 -.00000017  00000+0  00000+0 0  9993
2 39189   0.0613   8.0743 0002985 244.0063 107.8906  5.00116231190805
O3B FM2                 
1 39190U 13031C   23339.53146237 -.00000017  00000+0  00000+0 0  9998
2 39190   0.0664   8.7518 0002827 243.5924 107.6287  5.00115384190858
O3B PFM                 
1 39191U 13031D   23339.75708188 -.00000016  00000+0  00000+0 0  9991
2 39191   0.0423   7.3609 0002621 247.5853 105.0286  5.00116069190419
ASTRA 2E                
1 39285U 13056A   23339.84213343  .00000170  00000+0  00000+0 0  9996
2 39285   0.0591 342.0983 0002522 282.6615 141.3082  1.00268046 37167
SES-8                   
1 39460U 13071A   23339.85813146 -.00000250  00000+0  00000+0 0  9996
2 39460   0.0291 274.2859 0000806 306.3814 257.6588  1.00273052 35168
ASTRA 5B                
1 39617U 14011B   23339.84108916  .00000157  00000+0  00000+0 0  9991
2 39617   0.0507 321.0810 0004465 299.9366 139.6416  1.00271946 35398
O3B FM3                 
1 40079U 14038A   23338.41214904 -.00000020  00000+0  00000+0 0  9991
2 40079   0.0537   9.1644 0001255 306.4958  44.3330  5.00116716166725
O3B FM7                 
1 40080U 14038B   23340.15788321 -.00000015  00000+0  00000+0 0  9990
2 40080   0.0569  12.2372 0004202 225.7147 122.0113  5.00115954171938
O3B FM6                 
1 40081U 14038C   23339.78486161 -.00000016  00000+0  00000+0 0  9996
2 40081   0.0544   8.2539 0002673 245.5783 106.1421  5.00115258171581
O3B FM8                 
1 40082U 14038D   23339.63849746 -.00000017  00000+0  00000+0 0  9994
2 40082   0.0550   9.1585 0002729 247.8023 103.0125  5.00115321171694
O3B FM10                
1 40348U 14083A   23339.66497945 -.00000017  00000+0  00000+0 0  9992
2 40348   0.0464   3.2742 0002667 250.7623 105.9378  5.00115379163643
O3B FM11                
1 40349U 14083B   23338.47890409 -.00000019  00000+0  00000+0 0  9995
2 40349   0.0454   9.0581 0002972 230.5441 120.3716  5.00115586163592
O3B FM12                
1 40350U 14083C   23339.50564846 -.00000017  00000+0  00000+0 0  9993
2 40350   0.0462   8.5552 0002597 242.2466 109.1737  5.00115526163665
O3B FM9                 
1 40351U 14083D   23339.53218351 -.00000017  00000+0  00000+0 0  9994
2 40351   0.0448  10.4079 0002754 243.0248 106.5407  5.00115036163816
ASTRA 2G                
1 40364U 14089A   23339.84204640  .00000170  00000+0  00000+0 0  9993
2 40364   0.0410   1.5424 0001099  24.2230  19.9850  1.00271205 32692
SES-9                   
1 41380U 16013A   23339.85258003 -.00000325  00000+0  00000+0 0  9997
2 41380   0.0155 313.1048 0000261 219.7223 316.7870  1.00269890 28179
SES-10                  
1 42432U 17017A   23339.39333370 -.00000254  00000+0  00000+0 0  9992
2 42432   0.0268  48.0424 0003069 220.5270 240.0851  1.00271751 24472
SES-15                  
1 42709U 17026A   23339.49773722  .00000079  00000+0  00000+0 0  9993
2 42709   0.0303  39.2127 0000341 222.5421 222.3151  1.00267820 24873
SES-11 (ECHOSTAR 105)   
1 42967U 17063A   23340.09424324 -.00000068  00000+0  00000+0 0  9998
2 42967   0.0092   0.3833 0003258 272.4356  90.8027  1.00272056 22547
SES-14                  
1 43175U 18012B   23339.82699147 -.00000258  00000+0  00000+0 0  9992
2 43175   0.0150 326.1214 0001036 291.0244  67.4564  1.00270842 21794
O3B FM15                
1 43231U 18024A   23339.79822105 -.00000016  00000+0  00000+0 0  9998
2 43231   0.0470 359.1309 0002688 253.5700 107.2736  5.00114663104784
O3B FM16                
1 43232U 18024B   23339.65125132 -.00000017  00000+0  00000+0 0  9991
2 43232   0.0471 354.1725 0002730 257.5194 108.2822  5.00115140104690
O3B FM14                
1 43233U 18024C   23339.69131874 -.00000016  00000+0  00000+0 0  9995
2 43233   0.0479 352.4838 0002888 257.1293 110.3596  5.00115872104699
O3B FM13                
1 43234U 18024D   23339.54513208 -.00000017  00000+0  00000+0 0  9996
2 43234   0.0468  28.0887 0002183 215.6815 116.2111  5.00115845104817
SES-12                  
1 43488U 18049A   23339.85536089 -.00000250  00000+0  00000+0 0  9999
2 43488   0.0274  44.8247 0002605 218.8978 213.6132  1.00270909 20151
O3B FM20                
1 44112U 19020A   23339.71800216 -.00000016  00000+0  00000+0 0  9995
2 44112   0.0471   3.2479 0002647 241.3898 115.3387  5.00115808 85329
O3B FM19                
1 44113U 19020B   23339.54511930 -.00000017  00000+0  00000+0 0  9990
2 44113   0.0335  16.2811 0004147 229.4966 114.1826  5.00115842 85180
O3B FM17                
1 44114U 19020C   23339.82510936 -.00000016  00000+0  00000+0 0  9996
2 44114   0.0645 353.7816 0002631 257.9802 108.2134  5.00116124 85270
O3B FM18                
1 44115U 19020D   23339.57165439 -.00000017  00000+0  00000+0 0  9994
2 44115   0.0467   3.5586 0002762 251.2797 105.1348  5.00116116 85399
SES-17                  
1 49332U 21095A   23339.39324668 -.00000253  00000+0  00000+0 0  9998
2 49332   0.0127  34.0327 0001118 226.5925 247.7882  1.00269921  8572
SES-22                  
1 52933U 22071A   23339.73794389  .00000108  00000+0  00000+0 0  9991
2 52933   0.0140 312.7780 0001221 316.0457 296.1433  1.00274687  5276
SES-20                  
1 53960U 22123A   23339.37269076 -.00000082  00000+0  00000+0 0  9992
2 53960   0.0141  83.9673 0000913   2.9444  18.0754  1.00269789  4273
SES-21                  
1 53961U 22123B   23339.66125646  .00000089  00000+0  00000+0 0  9995
2 53961   0.0162  10.3941 0000949 240.0642 290.8042  1.00267986  4281
O3B MPOWER F1           
1 54755U 22174A   23339.52987244 -.00000017  00000+0  00000+0 0  9990
2 54755   0.0550  17.3975 0005798 251.0587 237.8527  5.00118434 19108
O3B MPOWER F2           
1 54756U 22174B   23339.56057250 -.00000017  00000+0  00000+0 0  9990
2 54756   0.0572  16.4275 0008912 274.0169  69.4636  5.00113444 19182
SES-18                  
1 55970U 23038A   23339.64222602 -.00000081  00000+0  00000+0 0  9994
2 55970   0.0259 273.6811 0003023 349.0202 299.5902  1.00271482  2834
SES-19                  
1 55971U 23038B   23339.65772512  .00000107  00000+0  00000+0 0  9994
2 55971   0.0135  26.6684 0001548 230.1600 279.2390  1.00272870  2809
O3B MPOWER F4           
1 56367U 23059A   23339.68133392 -.00000016  00000+0  00000+0 0  9997
2 56367   0.0381  13.8764 0007178 250.2450  95.8005  5.00114960 12344
O3B MPOWER F3           
1 56368U 23059B   23339.58158958 -.00000017  00000+0  00000+0 0  9993
2 56368   0.0362  12.1887 0004491 279.0665  68.7005  5.00114608  8482
