LEMUR-1                 
1 40044U 14033AL  23234.48448060  .00002727  00000+0  38715-3 0  9995
2 40044  97.6738  45.5015 0056084 200.1797 159.7197 14.76659809493441
LEMUR-2-ANUBHAVTHAKUR   
1 41873U 16062E   23235.08907505  .00024921  00000+0  59054-3 0  9990
2 41873  51.6746 118.0658 0004674  32.5236 327.6037 15.41590483375558
LEMUR-2-SATCHMO         
1 41993U 17008AX  23235.16401124  .00099202  00000+0  91073-3 0  9990
2 41993  97.1904 298.9414 0005005 134.0132 226.1543 15.67397743362791
LEMUR-2-RDEATON         
1 41995U 17008AZ  23234.15829862  .00069043  00000+0  84587-3 0  9995
2 41995  97.2048 297.3972 0005547 138.5748 221.5931 15.60122936363242
LEMUR-2-MIA-GRACE       
1 41998U 17008BC  23235.09427646  .00088534  00000+0  10119-2 0  9991
2 41998  97.2009 297.9011 0004713 138.9665 221.1949 15.61873182362610
LEMUR-2-SHAINAJOHL      
1 42771U 17036G   23235.05817339  .00500072  98626-4  15593-2 0  9993
2 42771  97.1303 276.6569 0008532 194.1915 165.9121 15.91474775343640
LEMUR-2-LUCYBRYCE       
1 42773U 17036J   23235.32954274  .00273665  00000+0  15464-2 0  9991
2 42773  97.1298 274.7567 0007345 188.2584 171.8564 15.78343182343480
LEMUR-2-KUNGFOO         
1 42774U 17036K   23235.08258104  .01228965  85630-3  19353-2 0  9995
2 42774  97.1200 277.7101 0008532 209.4351 150.6450 16.04047541343713
LEMUR-2-SAM-AMELIA      
1 42781U 17036S   23234.57116697  .00045390  00000+0  83235-3 0  9999
2 42781  97.1357 272.7652 0006908 186.2385 173.8782 15.49132565343257
LEMUR-2-MCPEAKE         
1 42782U 17036T   23235.08877540  .00630295  16725-3  16439-2 0  9998
2 42782  97.1261 280.3500 0008081 205.8902 154.1971 15.94915579343858
LEMUR-2-GREENBERG       
1 42837U 17042N   23235.50967053  .00006174  00000+0  52530-3 0  9993
2 42837  97.3895  74.3995 0010819 355.5151   4.5974 14.98111636332847
LEMUR-2-ANDIS           
1 42838U 17042P   23235.10326485  .00006270  00000+0  53429-3 0  9993
2 42838  97.3869  73.8816 0010874 355.2733   4.8385 14.98043809332787
LEMUR-2-MONSON          
1 42839U 17042Q   23235.06768466  .00004882  00000+0  42104-3 0  9993
2 42839  97.3893  73.5297 0011198 352.8313   7.2748 14.97674468332748
LEMUR-2-FURIAUS         
1 42840U 17042R   23235.50893883  .00006488  00000+0  55841-3 0  9992
2 42840  97.3920  74.3325 0011146 356.8444   3.2707 14.97642604332809
LEMUR-2-PETERG          
1 42841U 17042S   23234.54531396  .00005657  00000+0  48753-3 0  9995
2 42841  97.3923  74.7456 0011096 350.9844   9.1178 14.97640836332739
LEMUR-2-DEMBITZ         
1 42842U 17042T   23235.50132127  .00005376  00000+0  45948-3 0  9993
2 42842  97.3897  75.5863 0010427 350.2913   9.8107 14.97992514332897
LEMUR-2-ZACHARY         
1 42845U 17042W   23235.09824407  .00006960  00000+0  56338-3 0  9994
2 42845  97.3763  74.4963 0009115 358.3313   1.7880 15.00005991332928
LEMUR-2-TALLHAMN-ATC    
1 43167U 18010E   23235.10256446  .00125251  00000+0  16179-2 0  9995
2 43167  82.9056  17.1312 0012106 230.7550 129.2634 15.58442285310375
LEMUR-2-JIN-LUEN        
1 43182U 18014C   23234.16070734  .00006687  00000+0  47691-3 0  9990
2 43182  97.6073 135.4997 0012603 300.9870  59.0117 15.04818829303521
LEMUR-2-URAMCHANSOL     
1 43183U 18014D   23234.29463507  .00008775  00000+0  60118-3 0  9998
2 43183  97.6061 136.1898 0012841 289.1493  70.8343 15.06228701303573
LEMUR-2-KADI            
1 43184U 18014E   23235.18921265  .00007515  00000+0  52884-3 0  9990
2 43184  97.5968 136.2558 0010294 270.5029  89.5018 15.05302966303674
LEMUR-2-THENICKMOLO     
1 43185U 18014F   23234.49306054  .00009129  00000+0  64011-3 0  9995
2 43185  97.5997 136.0371 0007262 278.8937  81.1468 15.05393230303589
LEMUR-2-ZUPANSKI        
1 43695U 18088F   23234.38443002  .00173474  00000+0  13241-2 0  9998
2 43695  85.0108  19.3633 0007145 295.1172  64.9355 15.71657456266261
LEMUR-2-CHANUSIAK       
1 43697U 18088H   23235.14854187  .00664734  20164-3  12185-2 0  9992
2 43697  85.0160  16.6588 0009884 293.0014  67.0228 16.01262057266765
LEMUR-2-CHRISTINAHOLT   
1 43882U 18111G   23234.17552904  .00010205  00000+0  69205-3 0  9996
2 43882  97.6461 141.6652 0007554 278.4456  81.5915 15.06609773252431
LEMUR-2-TINYKEV         
1 43883U 18111H   23235.17345941  .00013802  00000+0  89170-3 0  9998
2 43883  97.6251 142.5470 0007208 265.8419  94.1986 15.08327003252626
LEMUR-2-REMY-COLTON     
1 43884U 18111J   23234.18944353  .00010146  00000+0  67239-3 0  9991
2 43884  97.6380 142.4073 0000907 110.0540 250.0785 15.07486547252496
LEMUR-2-GUSTAVO         
1 43885U 18111K   23235.20227696  .00009857  00000+0  66053-3 0  9990
2 43885  97.6379 142.8070 0013118 273.3161  86.6565 15.07017710252600
LEMUR-2-ZO              
1 43886U 18111L   23234.26190893  .00009725  00000+0  65358-3 0  9995
2 43886  97.6272 141.8126 0011532 298.8593  61.1477 15.06926563252472
LEMUR-2-NATALIEMURRAY   
1 43887U 18111M   23235.15798690  .00010287  00000+0  68514-3 0  9996
2 43887  97.6392 143.5452 0009286 232.0025 128.0364 15.07265397254630
LEMUR-2-SARAHBETTYBOO   
1 43888U 18111N   23234.19377528  .00010278  00000+0  67709-3 0  9998
2 43888  97.6716 144.1812 0011338 335.8971  24.1725 15.07655694254507
LEMUR-2-DAISY-HARPER    
1 43889U 18111P   23234.32549282  .00012831  00000+0  84126-3 0  9991
2 43889  97.6628 144.2045 0009168 337.7442  22.3387 15.07789395254523
LEMUR-2-LILLYJO         
1 44396U 19038L   23235.50595831  .00035271  00000+0  84222-3 0  9996
2 44396  97.6443 220.3773 0016023  61.1130 299.1722 15.41311751229036
LEMUR-2-WANLI           
1 44402U 19038S   23234.93750508  .00033667  00000+0  74436-3 0  9997
2 44402  97.6427 219.8546 0015902  62.5968 297.6894 15.43629446228954
LEMUR-2-MORAG           
1 44403U 19038T   23235.48456766  .00029392  00000+0  78599-3 0  9992
2 44403  97.6525 220.3068 0016979  62.5349 297.7619 15.37873756228974
LEMUR-2-DUSTINTHEWIND   
1 44405U 19038V   23234.90032755  .00022828  00000+0  59545-3 0  9995
2 44405  97.6525 218.8971 0017431  57.0454 303.2463 15.38684970228880
LEMUR-2-ALEX-MADDY      
1 44407U 19038X   23235.46505963  .00022525  00000+0  71505-3 0  9999
2 44407  97.6643 217.5966 0018472  70.3951 289.9282 15.32510921228752
LEMUR-2-EJATTA          
1 44409U 19038Z   23234.76184246  .00028109  00000+0  69210-3 0  9994
2 44409  97.6477 219.9253 0016298  56.1224 304.1569 15.40425293228959
LEMUR-2-GREGROBINSON    
1 44411U 19038AB  23235.50802717  .00015655  00000+0  37173-3 0  9995
2 44411  97.6487 221.5011 0018605  69.8960 290.4286 15.41605100228722
LEMUR-2-YNDRD           
1 44413U 19038AD  23235.46652341  .00018365  00000+0  55781-3 0  9994
2 44413  97.6600 217.7528 0017416  66.0427 294.2636 15.33981089228799
LEMUR-2-JPGSQUARED      
1 44855U 19089D   23235.47846734  .00019589  00000+0  10044-2 0  9993
2 44855  36.9642  30.5758 0004955 171.0536 189.0300 15.15840376203255
LEMUR-2-HIMOMANDDAD     
1 44860U 19089J   23234.49004965  .00023206  00000+0  11840-2 0  9998
2 44860  36.9654  38.4104 0004281 154.2757 205.8204 15.15972438203060
LEMUR-2-PAPPY           
1 44861U 19089K   23234.68435739  .00019145  00000+0  10411-2 0  9997
2 44861  36.9629  39.9338 0004414 152.4187 207.6794 15.13769258203025
LEMUR-2-THEODOSIA       
1 44863U 19089M   23234.49177254  .00022994  00000+0  11602-2 0  9992
2 44863  36.9626  36.4977 0005083 158.1626 201.9338 15.16361597202958
LEMUR-2-ETHANOAKES      
1 46298U 20061AC  23235.01786087  .00028376  00000+0  58389-3 0  9991
2 46298  97.3993 309.7682 0003267 102.1250 258.0365 15.45912623164395
LEMUR-2-OSCARLATOR      
1 46299U 20061AD  23235.19446633  .00039943  00000+0  60303-3 0  9992
2 46299  97.4033 311.6271 0005499 118.2718 241.9091 15.54627488164551
LEMUR-2-SCHMIDTFALL     
1 46315U 20061AV  23234.93424030  .00065224  00000+0  89203-3 0  9990
2 46315  97.4008 312.3516 0002769 109.0997 251.0558 15.57218684164610
LEMUR-2-DJUPROERA       
1 46316U 20061AW  23235.01214074  .00127225  00000+0  10224-2 0  9992
2 46316  97.3995 314.3068 0007118 147.5015 212.6687 15.70550083164758
LEMUR-2-SQUAREJAWS      
1 46317U 20061AX  23235.51728344  .00072841  00000+0  84013-3 0  9999
2 46317  97.4014 313.8121 0005386 124.5515 235.6251 15.61689443164778
LEMUR-2-URSA-AVION      
1 46318U 20061AY  23234.98875908  .00068473  00000+0  84541-3 0  9991
2 46318  97.4001 312.9715 0005258 115.1973 244.9829 15.59922505164675
LEMUR-2-SLICERS         
1 46500U 20068Q   23235.11153995  .00020093  00000+0  93896-3 0  9991
2 46500  97.7565 185.9033 0006315 249.7539 110.3017 15.19816013159293
LEMUR-2-DAYWZAGOODDAY   
1 46501U 20068R   23234.37063577  .00019082  00000+0  90553-3 0  9998
2 46501  97.7595 185.4505 0006331 255.3631 104.6901 15.19295394159189
LEMUR-2-SUSURRUS        
1 46502U 20068S   23235.30998250  .00022539  00000+0  10512-2 0  9995
2 46502  97.7577 186.1182 0005974 247.2939 112.7663 15.19859860159327
LEMUR-2-NICHOL          
1 46503U 20068T   23235.33861597  .00018296  00000+0  89543-3 0  9998
2 46503  97.7597 185.8132 0006386 262.1597  97.8911 15.18230934159306
LEMUR-2-OZARAK          
1 46908U 20081D   23235.12219210  .00018651  00000+0  10350-2 0  9992
2 46908  36.8991 162.6880 0006162 355.2408   4.8277 15.13043336153284
LEMUR-2-JINDRA          
1 46909U 20081E   23235.10947468  .00023880  00000+0  12343-2 0  9998
2 46909  36.8979 157.0332 0005838   3.5946 356.4841 15.15498834153350
LEMUR-2-WALLACE         
1 46910U 20081F   23234.20462813  .00020580  00000+0  10972-2 0  9996
2 46910  36.8985 164.6132 0006286 353.3972   6.6690 15.14440121153186
LEMUR-2-JEREMIAH        
1 46911U 20081G   23234.17190566  .00009384  00000+0  52638-3 0  9991
2 46911  36.9026 166.2982 0008045   0.4919 359.5833 15.12862489153172
LEMUR-2-NEVA            
1 47450U 21006AP  23234.16184200  .00048765  00000+0  12122-2 0  9994
2 47450  97.3852 295.1211 0007956 185.8706 174.2448 15.40119361142951
LEMUR-2-SAOIRSEDH5GUO   
1 47453U 21006AS  23235.08464007  .00062005  00000+0  13680-2 0  9998
2 47453  97.3891 296.9464 0007172 186.2306 173.8854 15.43656236143134
LEMUR-2-NALLYWACKER     
1 47457U 21006AW  23235.08238677  .00065706  00000+0  14186-2 0  9997
2 47457  97.3864 296.9291 0007502 184.1677 175.9510 15.44280094143151
LEMUR-2-MANGO1          
1 47493U 21006CJ  23234.14678821  .00030914  00000+0  96709-3 0  9997
2 47493  97.3823 292.3729 0007719 197.5417 162.5559 15.33050595142818
LEMUR-2-RUAIRI-EILIDH   
1 47511U 21006DC  23235.09235527  .00040345  00000+0  11470-2 0  9995
2 47511  97.3810 293.5965 0005224 181.8201 178.3025 15.36032832142984
LEMUR-2-JENNIFERSONG    
1 47525U 21006DR  23235.08921754  .00061196  00000+0  13906-2 0  9996
2 47525  97.3817 296.3767 0006782 175.0331 185.0985 15.42781498143152
LEMUR-2-CHANTAL         
1 47529U 21006DV  23235.09783382  .00023356  00000+0  72983-3 0  9991
2 47529  97.3803 292.7667 0005560 186.2682 173.8492 15.33157049143883
LEMUR-2-NOOBNOOB        
1 47538U 21006DY  23234.14561315  .00027658  00000+0  78360-3 0  9990
2 47538  97.3855 294.4760 0007475 187.3125 172.8011 15.36206575142904
LEMUR-2-AMANDA-SVANTE   
1 48269U 21034B   23235.17173293  .00006003  00000+0  58626-3 0  9995
2 48269  97.7014 301.4033 0004557  93.5943 266.5798 14.92745563125802
LEMUR-2-SPECIAL-K       
1 48273U 21034F   23235.40333036  .00004121  00000+0  40095-3 0  9999
2 48273  97.7017 301.7044 0005090  90.8221 269.3581 14.93069910125859
LEMUR-2-JACKSON         
1 48885U 21059G   23235.37157441  .00045797  00000+0  10700-2 0  9998
2 48885  97.5949  15.7402 0004044  28.3405 331.8061 15.42036573119819
LEMUR-2-ANNABANANA      
1 48923U 21059AW  23234.34938499  .00023946  00000+0  50681-3 0  9992
2 48923  97.5880  16.1965 0005349  26.0234 334.1282 15.45113039119793
LEMUR-2-JOHN-TREIRES    
1 48925U 21059AY  23235.37926014  .00074676  00000+0  12037-2 0  9996
2 48925  97.6045  19.7030 0006029 356.9407   3.1807 15.52658344120052
LEMUR-2-AC-CUBED        
1 48927U 21059BA  23235.38552088  .00040530  00000+0  92590-3 0  9990
2 48927  97.6028  17.4130 0008894  20.7026 339.4579 15.42706633119925
LEMUR-2-MERIMA          
1 48929U 21059BC  23234.38090239  .00049880  00000+0  10108-2 0  9997
2 48929  97.5891  16.9384 0008626  15.6723 344.4791 15.46207832119843
LEMUR-2-RAMONAMAE       
1 51021U 22002AP  23235.49669709  .00019361  00000+0  51266-3 0  9992
2 51021  97.4357 305.4238 0004525  30.2307 329.9198 15.38399129 89213
LEMUR-2-KING-JULIEN     
1 51022U 22002AQ  23234.44460532  .00051077  00000+0  13320-2 0  9998
2 51022  97.4343 303.9201 0003660  17.2820 342.8549 15.38664144 89032
LEMUR-2-ROHOVITHSA      
1 51036U 22002BE  23234.61365898  .00023588  00000+0  88190-3 0  9995
2 51036  97.4349 301.4451 0006579  29.1286 331.0318 15.27320713 88877
LEMUR-2-MIRIWARI        
1 51054U 22002BY  23234.61017870  .00021578  00000+0  79061-3 0  9993
2 51054  97.4338 301.5304 0005444  22.6276 337.5202 15.28012772 88888
LEMUR-2-DJIRANG         
1 51058U 22002CC  23234.15281648  .00029346  00000+0  10725-2 0  9994
2 51058  97.4314 300.9066 0005594  20.9715 339.1753 15.28031249 88811
LEMUR-2-TENNYSONLILY    
1 52732U 22057A   23235.26836216  .00042727  00000+0  12839-2 0  9990
2 52732  97.5556 354.4752 0006248 128.9773 231.2027 15.34269531 69028
LEMUR-2-VANDENDRIES     
1 52733U 22057B   23235.29940202  .00023917  00000+0  90243-3 0  9991
2 52733  97.5381 352.2763 0005926 128.6131 231.5638 15.27019429 68931
LEMUR-2-KAREN B         
1 52736U 22057E   23233.30174156  .00051155  00000+0  14489-2 0  9993
2 52736  97.5412 352.1463 0004695 126.1240 234.0439 15.36095262 68757
LEMUR-2-HANCOM-1        
1 52740U 22057J   23235.27709370  .00024217  00000+0  90189-3 0  9999
2 52740  97.5580 353.5531 0008786 115.5627 244.6521 15.27429597 68947
LEMUR-2-MIMI1307        
1 52769U 22057AP  23235.29694360  .00028447  00000+0  10700-2 0  9993
2 52769  97.5572 353.7572 0009448  95.4861 264.7456 15.27062019 68962
LEMUR-2-PHILARI         
1 55013U 23001E   23235.11896909  .00025540  00000+0  11040-2 0  9991
2 55013  97.4692 294.3109 0009890 136.7354 223.4661 15.22408316 35257
LEMUR-2-DISCLAIMER      
1 55014U 23001F   23235.13878101  .00021856  00000+0  96152-3 0  9992
2 55014  97.4740 294.4067 0010913 142.7461 217.4534 15.21832362 35253
LEMUR-2-STEVEALBERS     
1 55017U 23001J   23235.11227956  .00022357  00000+0  99415-3 0  9991
2 55017  97.4678 294.1231 0010394 137.1496 223.0551 15.21465596 35247
LEMUR-2-EMMACULATE      
1 55037U 23001AE  23235.47648191  .00027230  00000+0  10878-2 0  9990
2 55037  97.4747 295.5342 0014695 127.7913 232.4658 15.25004572 35352
LEMUR-2-MMOLO           
1 55038U 23001AF  23235.41599321  .00008286  00000+0  32988-3 0  9992
2 55038  97.4764 295.6611 0015369 127.3422 232.9219 15.25396577 35359
LEMUR-2-FUENTETAJA-01   
1 55088U 23001CH  23235.07552711  .00016856  00000+0  71783-3 0  9999
2 55088  97.4776 294.9278 0014938 127.0583 233.2022 15.22946006 35276
LEMUR-2-ONREFLECTION    
1 56182U 23054E   23235.52593370  .00017110  00000+0  68306-3 0  9990
2 56182  97.3879 129.4604 0009613 144.9758 215.2114 15.25179930 20437
LEMUR-2-SPACEGUS        
1 56187U 23054K   23234.17576994  .00013402  00000+0  52680-3 0  9996
2 56187  97.3885 128.2244 0009957 136.3171 223.8857 15.25750896 20234
LEMUR-2-ROMEO-N-LEO     
1 56206U 23054AE  23235.19076222  .00030821  00000+0  10427-2 0  9996
2 56206  97.3859 129.7348 0013784 125.9204 234.3318 15.30468625 20424
LEMUR-2-EMBRIONOVIS     
1 56970U 23084AQ  23235.25239870  .00004052  00000+0  22400-3 0  9996
2 56970  97.5234 350.9745 0015087 333.3815  26.6640 15.14367536 10803
LEMUR-2-NAZIYAH         
1 56974U 23084AU  23233.96769091  .00009178  00000+0  48505-3 0  9997
2 56974  97.5103 349.6832 0010385 329.6649  30.3981 15.15666929 10611
LEMUR-2-AADAM-ALIYAH    
1 56977U 23084AX  23233.90042767  .00008064  00000+0  42614-3 0  9996
2 56977  97.5155 349.6417 0014483 329.4170  30.6216 15.15667160 10601
LEMUR-2-MANO            
1 57390U 23100E   23235.35515585  .00008341  00000+0  70235-3 0  9997
2 57390  99.4633   8.3928 0014273 167.8903 192.2660 14.98490269  5431
LEMUR-2-DEVERILL-M-T    
1 57391U 23100F   23235.34387744  .00007328  00000+0  61063-3 0  9994
2 57391  99.4697   8.4331 0014775 159.2425 200.9395 14.98950021  5431
