ISS (ZARYA)             
1 25544U 98067A   24164.50987646  .00016733  00000+0  29513-3 0  9994
2 25544  51.6406 338.4452 0007981 288.3078 169.7410 15.50491722457824
CSS (TIANHE)            
1 48274U 21035A   24164.24204921  .00020708  00000+0  23634-3 0  9994
2 48274  41.4680 113.2614 0003174 214.3226 145.7408 15.61706311178324
ISS (NAUKA)             
1 49044U 21066A   24163.46106327  .00018206  00000+0  32074-3 0  9996
2 49044  51.6388 343.6496 0008156 285.1367  74.8720 15.50456532162723
FREGAT DEB              
1 49271U 11037PF  24163.95512157  .00029561  00000+0  59673-1 0  9999
2 49271  51.6741   3.0487 1000841 112.8795 258.0783 12.16677778134562
CSS (WENTIAN)           
1 53239U 22085A   24163.34675283  .00023318  00000+0  26595-3 0  9999
2 53239  41.4679 118.7171 0002989 210.0055 150.0613 15.61667999102471
CSS (MENGTIAN)          
1 54216U 22143A   24163.34675283  .00023318  00000+0  26595-3 0  9990
2 54216  41.4679 118.7171 0002989 210.0055 150.0613 15.61667999 91788
ISS DEB                 
1 58229U 98067WC  24163.67142087  .00531062  13450-3  10034-2 0  9990
2 58229  51.6239 317.1355 0009642 291.7987  68.1996 16.00111878 34811
BEAK                    
1 58612U 98067WD  24163.68904608  .00467946  10060-3  11022-2 0  9993
2 58612  51.6296 321.8234 0010524 288.2928  71.6935 15.96174379 27706
TIANZHOU-7              
1 58811U 24013A   24163.34675283  .00023318  00000+0  26595-3 0  9993
2 58811  41.4679 118.7171 0002989 210.0055 150.0613 15.61667999172424
CYGNUS NG-20            
1 58898U 24021A   24163.46106327  .00018206  00000+0  32074-3 0  9997
2 58898  51.6388 343.6496 0008156 285.1367  74.8720 15.50456532 20475
PROGRESS-MS 26          
1 58961U 24029A   24163.46106327  .00018206  00000+0  32074-3 0  9996
2 58961  51.6388 343.6496 0008156 285.1367  74.8720 15.50456532 17135
CREW DRAGON 8           
1 59097U 24042A   24163.46106327  .00018206  00000+0  32074-3 0  9992
2 59097  51.6388 343.6496 0008156 285.1367  74.8720 15.50456532 14346
SOYUZ-MS 25             
1 59294U 24055A   24163.46106327  .00018206  00000+0  32074-3 0  9995
2 59294  51.6388 343.6496 0008156 285.1367  74.8720 15.50456532 12286
MICROORBITER-1          
1 59483U 98067WF  24163.53102929  .00148554  00000+0  14996-2 0  9993
2 59483  51.6342 340.3614 0008183 276.1832  83.8231 15.64314635  9598
CURTIS                  
1 59507U 98067WG  24163.19625172  .00099662  00000+0  11457-2 0  9996
2 59507  51.6345 342.6255 0005983 276.9698  83.0615 15.61200008  9545
KASHIWA                 
1 59508U 98067WH  24163.76220890  .00158875  00000+0  14943-2 0  9993
2 59508  51.6329 338.9007 0009083 278.3001  81.6964 15.66042928  9642
1998-067WJ              
1 59559U 98067WJ  24164.19731894  .00088724  00000+0  10656-2 0  9990
2 59559  51.6368 338.0699 0006360 253.7287 106.3007 15.60107557  8564
1998-067WK              
1 59560U 98067WK  24163.39016391  .00212797  00000+0  19143-2 0  9990
2 59560  51.6338 340.9226 0011378 262.4050  97.5653 15.66936555  8383
1998-067WL              
1 59561U 98067WL  24163.76216660  .00040169  00000+0  57759-3 0  9991
2 59561  51.6375 341.1631 0003908 260.8809  99.1740 15.55659216  8459
BURSTCUBE               
1 59562U 98067WM  24164.20070171  .00091245  00000+0  10924-2 0  9990
2 59562  51.6374 338.0943 0006361 285.7333  74.2959 15.60178499  8545
SNOOPI                  
1 59563U 98067WN  24163.77450326  .00076406  00000+0  96828-3 0  9996
2 59563  51.6379 340.4980 0005544 279.3764  80.6602 15.58762967  8461
SHENZHOU-18 (SZ-18)     
1 59591U 24078A   24163.34675283  .00023318  00000+0  26595-3 0  9990
2 59591  41.4679 118.7171 0002989 210.0055 150.0613 15.61667999  6976
1998-067WP              
1 59596U 98067WP  24163.77744907  .00130503  00000+0  14298-2 0  9992
2 59596  51.6359 339.7634 0007517 257.5874 102.4279 15.62301025  8512
1998-067WQ              
1 59597U 98067WQ  24163.71163579  .00127205  00000+0  13885-2 0  9993
2 59597  51.6380 340.0803 0007580 257.7935 102.2210 15.62408983  8479
SZ-17 MODULE            
1 59624U 23164C   24164.17928813  .00038685  00000+0  38235-3 0  9991
2 59624  41.4769 113.6857 0007186 231.0701 128.9499 15.65092138  6756
PROGRESS-MS 27          
1 59913U 24103A   24163.46106327  .00018206  00000+0  32074-3 0  9997
2 59913  51.6388 343.6496 0008156 285.1367  74.8720 15.50456532457669
STARLINER CFT-1         
1 59968U 24109A   24163.46106327  .00018206  00000+0  32074-3 0  9993
2 59968  51.6388 343.6496 0008156 285.1367  74.8720 15.50456532457535
