SPACEBEE-7              
1 43816U 18099BL  24164.17308228  .00014627  00000+0  86489-3 0  9994
2 43816  97.5484 227.9330 0008306 307.1393  52.9078 15.11539525301653
SPACEBEE-6              
1 43818U 18099BN  24164.15799710  .00033486  00000+0  14141-2 0  9993
2 43818  97.5403 233.1796 0006933 300.0758  59.9791 15.23166767302143
SPACEBEE-63             
1 47442U 21006AF  24164.17367436  .01100366  68625-3  15170-2 0  9997
2 47442  97.3139 230.6916 0014057 247.2164 112.7633 16.06059312188301
SPACEBEE-57             
1 47465U 21006BE  24164.15377852  .00819226  30501-3  18567-2 0  9999
2 47465  97.3052 229.3134 0011265 238.7668 121.2506 15.97483496188272
SPACEBEE-167            
1 55087U 23001CG  24164.17240215  .00064213  00000+0  13578-2 0  9991
2 55087  97.4197 229.6350 0010830 169.3278 190.8203 15.44869747 80252
SPACEBEE-163            
1 55089U 23001CJ  24164.15123571  .00110736  00000+0  16710-2 0  9999
2 55089  97.4120 231.1917 0009634 170.7739 189.3693 15.54319936 80364
SPACEBEE-164            
1 55091U 23001CL  24164.17497622  .00075765  00000+0  14540-2 0  9996
2 55091  97.4186 230.2133 0010637 168.6534 191.4958 15.47656099 80299
SPACEBEE-166            
1 55092U 23001CM  24164.15781858  .00100963  00000+0  16087-2 0  9999
2 55092  97.4147 231.3889 0010949 167.2357 192.9175 15.52833880 80378
SPACEBEE-165            
1 55094U 23001CP  24164.13864461  .00085049  00000+0  15392-2 0  9996
2 55094  97.4177 230.5449 0010123 168.6801 191.4680 15.49310782 80315
SPACEBEE-162            
1 55095U 23001CQ  24164.17462917  .00077862  00000+0  14708-2 0  9995
2 55095  97.4188 230.3678 0010722 167.5298 192.6219 15.48102991 80303
SPACEBEE-161            
1 55096U 23001CR  24164.12644740  .00079783  00000+0  14786-2 0  9997
2 55096  97.4184 230.4296 0010713 167.4050 192.7471 15.48644367 80301
SPACEBEE-160            
1 55097U 23001CS  24164.13399483  .00084868  00000+0  15282-2 0  9992
2 55097  97.4171 230.5525 0010644 167.8423 192.3087 15.49449654 80318
SPACEBEE-156            
1 55099U 23001CU  24164.15142593  .00087632  00000+0  15513-2 0  9993
2 55099  97.4185 230.6888 0010755 169.3773 190.7708 15.49923327 80323
SPACEBEE-158            
1 55100U 23001CV  24164.13896078  .00088860  00000+0  15708-2 0  9998
2 55100  97.4187 230.6181 0010935 169.5392 190.6088 15.49956892 80315
SPACEBEE-159            
1 55101U 23001CW  24163.44158947  .00129561  00000+0  20018-2 0  9992
2 55101  97.4159 230.7195 0010834 169.8658 190.2816 15.53586035 80269
SPACEBEE-157            
1 55102U 23001CX  24163.43896493  .00130087  00000+0  20013-2 0  9997
2 55102  97.4149 230.7809 0010308 171.4245 188.7187 15.53709399 80272
SPACEBEE-179            
1 56969U 23084AP  24163.85464225  .00047301  00000+0  13626-2 0  9998
2 56969  97.5383 285.7369 0007370  13.8719 346.2725 15.35568924 55522
SPACEBEE-177            
1 56972U 23084AS  24163.86409521  .00054926  00000+0  14821-2 0  9990
2 56972  97.5363 286.1725 0007053   7.3981 352.7366 15.37573180 55550
SPACEBEE-178            
1 56973U 23084AT  24164.07296921  .00049291  00000+0  14160-2 0  9998
2 56973  97.5405 285.9866 0007618  14.4969 345.6491 15.35643965 55550
SPACEBEE-176            
1 56975U 23084AV  24164.23524455  .00048438  00000+0  13587-2 0  9998
2 56975  97.5381 286.3127 0007426   9.1471 350.9907 15.36396956 55597
SPACEBEE-174            
1 56976U 23084AW  24163.86126061  .00052308  00000+0  14430-2 0  9997
2 56976  97.5381 286.0469 0007325   9.5640 350.5742 15.36897953 55545
SPACEBEE-173            
1 56978U 23084AY  24164.23554162  .00050479  00000+0  13849-2 0  9998
2 56978  97.5383 286.4758 0007215   8.0797 352.0562 15.37079240 55605
SPACEBEE-172            
1 56979U 23084AZ  24163.86091358  .00052061  00000+0  14287-2 0  9996
2 56979  97.5369 286.0284 0007391  11.4774 348.6638 15.37060811 55540
SPACEBEE-171            
1 56980U 23084BA  24163.30842729  .00061221  00000+0  16724-2 0  9999
2 56980  97.5378 285.5598 0007476  11.6624 348.4791 15.37158375 55466
SPACEBEE-169            
1 56982U 23084BC  24163.29938046  .00063850  00000+0  17295-2 0  9991
2 56982  97.5365 285.3591 0007426  10.5464 349.5934 15.37409455 55458
SPACEBEE-170            
1 56983U 23084BD  24163.88182402  .00047827  00000+0  13315-2 0  9999
2 56983  97.5417 286.0862 0007228   8.0300 352.1058 15.36635967 55542
SPACEBEE-168            
1 56984U 23084BE  24163.89045053  .00077902  00000+0  17965-2 0  9993
2 56984  97.5337 286.7818 0006721 352.3040   7.8102 15.42266127 55599
SPACEBEE-175            
1 56985U 23084BF  24163.83678066  .00062067  00000+0  16973-2 0  9998
2 56985  97.5393 286.1333 0008120  13.5831 346.5630 15.37116656 55546
