NOAA 15                 
1 25338U 98030A   23235.49954513  .00000228  00000+0  11281-3 0  9993
2 25338  98.6029 263.3956 0011489 115.2077 245.0295 14.26376428314858
DMSP 5D-3 F15 (USA 147) 
1 25991U 99067A   23235.08717597  .00000205  00000+0  12555-3 0  9993
2 25991  99.0723 239.6691 0010848  49.1016  22.6225 14.16780983224909
DMSP 5D-3 F16 (USA 172) 
1 28054U 03048A   23235.53579132  .00000127  00000+0  91020-4 0  9999
2 28054  99.0154 234.3201 0007386 168.0112 303.3546 14.13836645 24075
NOAA 18                 
1 28654U 05018A   23235.40863660  .00000246  00000+0  15585-3 0  9995
2 28654  98.9061 309.4649 0014290 185.5815 174.5200 14.12991998941066
METEOSAT-9 (MSG-2)      
1 28912U 05049B   23234.16491694  .00000134  00000+0  00000+0 0  9990
2 28912   6.9916  63.2526 0001799 179.3358 192.7269  1.00269634 64750
EWS-G1 (GOES 13)        
1 29155U 06018A   23235.02801069  .00000046  00000+0  00000+0 0  9996
2 29155   1.6809  90.8935 0004203 109.6139 202.0006  1.00270149 63193
DMSP 5D-3 F17 (USA 191) 
1 29522U 06050A   23235.51382085  .00000139  00000+0  95463-4 0  9991
2 29522  98.7541 247.1736 0011116 109.0963 251.1414 14.14277656866971
FENGYUN 3A              
1 32958U 08026A   23235.48508762  .00000161  00000+0  97462-4 0  9997
2 32958  98.5598 186.9636 0008007 208.3373 151.7369 14.18905177789608
FENGYUN 2E              
1 33463U 08066A   23235.46299057 -.00000196  00000+0  00000+0 0  9991
2 33463   6.8672  62.5026 0000511 178.3254 343.9704  1.00266362 53776
NOAA 19                 
1 33591U 09005A   23235.46163511  .00000191  00000+0  12749-3 0  9993
2 33591  99.0945 282.4472 0014633  56.6748 303.5822 14.12808240749442
GOES 14                 
1 35491U 09033A   23234.49248917 -.00000057  00000+0  00000+0 0  9996
2 35491   0.4860 100.0391 0004472 357.2366 301.9586  1.00271952 51831
DMSP 5D-3 F18 (USA 210) 
1 35951U 09057A   23235.50626752  .00000332  00000+0  19842-3 0  9996
2 35951  98.7731 210.5829 0010078 301.0959  58.9224 14.13830613714158
GOES 15                 
1 36411U 10008A   23235.47312656 -.00000319  00000+0  00000+0 0  9995
2 36411   0.4417 275.4015 0003450 293.9919  69.8806  0.99985495 49324
COMS 1                  
1 36744U 10032A   23235.02896648 -.00000336  00000+0  00000+0 0  9999
2 36744   2.1722  88.0111 0000908  61.4295 320.1903  1.00271474 48335
FENGYUN 3B              
1 37214U 10059A   23235.55840337  .00000083  00000+0  67431-4 0  9997
2 37214  99.0831 254.0639 0021615 213.8710 258.5889 14.14367793662032
SUOMI NPP               
1 37849U 11061A   23235.49662101  .00000103  00000+0  69260-4 0  9994
2 37849  98.7056 173.0756 0001603  80.4646  51.3390 14.19558496612489
FENGYUN 2F              
1 38049U 12002A   23235.46804612 -.00000350  00000+0  00000+0 0  9992
2 38049   4.8482  76.0440 0003191  87.8089  88.0885  1.00262744 42578
METEOSAT-10 (MSG-3)     
1 38552U 12035B   23234.76103251  .00000004  00000+0  00000+0 0  9995
2 38552   2.3069  57.0937 0000345 120.3754  67.3774  1.00279368 40891
METOP-B                 
1 38771U 12049A   23235.45908885  .00000140  00000+0  83662-4 0  9997
2 38771  98.6734 293.6923 0001193 107.1058 318.5273 14.21504931567103
FENGYUN 3C              
1 39260U 13052A   23235.50996982  .00000121  00000+0  82004-4 0  9995
2 39260  98.4289 246.0468 0012295 107.1488 253.1034 14.16066806513061
METEOR-M 2              
1 40069U 14037A   23235.52486800  .00000104  00000+0  67225-4 0  9992
2 40069  98.4258 238.3767 0006515 137.2710 222.8976 14.20805449473211
HIMAWARI-8              
1 40267U 14060A   23235.40205201 -.00000267  00000+0  00000+0 0  9993
2 40267   0.0462 287.9691 0000705 228.6637 100.1944  1.00270730 32544
FENGYUN 2G              
1 40367U 14090A   23234.59749344 -.00000293  00000+0  00000+0 0  9996
2 40367   3.0188  84.9698 0000086  16.2148 183.6911  1.00284961 31714
METEOSAT-11 (MSG-4)     
1 40732U 15034A   23235.30429003  .00000070  00000+0  00000+0 0  9990
2 40732   0.7097  51.6119 0000540 356.2507  42.1900  1.00274076 29690
ELEKTRO-L 2             
1 41105U 15074A   23235.02479980 -.00000109  00000+0  00000+0 0  9991
2 41105   4.0727  83.0451 0002153 119.0923 123.3704  1.00271708 28196
HIMAWARI-9              
1 41836U 16064A   23235.47379899 -.00000266  00000+0  00000+0 0  9993
2 41836   0.0284 255.5278 0001184 264.6962 122.6142  1.00272477 24982
GOES 16                 
1 41866U 16071A   23234.57085035 -.00000240  00000+0  00000+0 0  9992
2 41866   0.0776 277.2058 0000399 258.5111 285.1957  1.00272005 24776
FENGYUN 4A              
1 41882U 16077A   23235.46656432 -.00000320  00000+0  00000+0 0  9999
2 41882   0.1504  79.8230 0002570  71.0038  93.1227  1.00263769 24663
CYGFM05                 
1 41884U 16078A   23234.73216796  .00006596  00000+0  29090-3 0  9990
2 41884  34.9554  27.6758 0013976 359.5276   0.5422 15.21013604370472
CYGFM04                 
1 41885U 16078B   23234.68347362  .00006602  00000+0  28527-3 0  9991
2 41885  34.9489  14.5674 0012190  19.6771 340.4411 15.21728290370594
CYGFM02                 
1 41886U 16078C   23235.51800480  .00005969  00000+0  25820-3 0  9998
2 41886  34.9584  11.7013 0012656  20.6684 339.4539 15.21714389370716
CYGFM01                 
1 41887U 16078D   23234.85921794  .00006067  00000+0  26955-3 0  9997
2 41887  34.9520  30.0296 0014363 359.1079   0.9606 15.20776765370450
CYGFM08                 
1 41888U 16078E   23234.49981260  .00006293  00000+0  27479-3 0  9995
2 41888  34.9494  22.6945 0013313  10.4741 349.6247 15.21370618370469
CYGFM07                 
1 41890U 16078G   23234.69145828  .00006832  00000+0  29450-3 0  9992
2 41890  34.9512  14.1300 0011830  17.4332 342.6786 15.21809439370592
CYGFM03                 
1 41891U 16078H   23234.71049519  .00006959  00000+0  30153-3 0  9998
2 41891  34.9548  14.8876 0011386  15.5063 344.5998 15.21636202370584
FENGYUN 3D              
1 43010U 17072A   23235.46467605  .00000130  00000+0  83394-4 0  9992
2 43010  98.8653 184.1179 0002581  99.2208 260.9260 14.19195039299047
NOAA 20                 
1 43013U 17073A   23235.43539646  .00000102  00000+0  68894-4 0  9995
2 43013  98.7135 172.8407 0000743  72.1545 287.9712 14.19556404298513
GOES 17                 
1 43226U 18022A   23235.50342519 -.00000082  00000+0  00000+0 0  9993
2 43226   0.0217 280.5771 0002158 219.3881 268.0978  1.00270585 20120
FENGYUN 2H              
1 43491U 18050A   23235.03158444 -.00000121  00000+0  00000+0 0  9992
2 43491   2.2429  90.1295 0003270  84.3568 247.1666  1.00272515 19199
METOP-C                 
1 43689U 18087A   23235.48330325  .00000137  00000+0  82475-4 0  9997
2 43689  98.6780 293.8869 0001947 205.7506 154.3574 14.21507860248682
GEO-KOMPSAT-2A          
1 43823U 18100A   23234.68297896 -.00000335  00000+0  00000+0 0  9999
2 43823   0.0189 110.0036 0002129   0.6549 234.1962  1.00271725 17335
METEOR-M2 2             
1 44387U 19038A   23235.49451565  .00000053  00000+0  42616-4 0  9991
2 44387  98.7814 199.2809 0002429  95.5772 264.5683 14.23799947214887
FENGYUN 3E              
1 49008U 21062A   23235.52966506  .00000022  00000+0  31251-4 0  9995
2 49008  98.7247 235.9633 0002061 137.3987 222.7349 14.19692994110610
GOES 18                 
1 51850U 22021A   23235.34682646  .00000105  00000+0  00000+0 0  9994
2 51850   0.0125 106.8686 0000538  13.6288 198.7217  1.00271179  5488
NOAA 21 (JPSS-2)        
1 54234U 22150A   23235.45090752  .00000122  00000+0  78601-4 0  9995
2 54234  98.7174 172.3552 0000810 105.7888 254.3377 14.19538682 40593
METEOSAT-12             
1 54743U 22170C   23234.58514538 -.00000020  00000+0  00000+0 0  9999
2 54743   0.5882 315.8180 0002245 168.5571  53.6102  1.00273598  2655
METEOR-M2 3             
1 57166U 23091A   23235.46372703  .00000006  00000+0  22139-4 0  9993
2 57166  98.7599 287.1076 0002874 276.4315  83.6536 14.23839319  8118
FENGYUN 3F              
1 57490U 23111A   23235.49138309  .00000074  00000+0  56251-4 0  9998
2 57490  98.8099 301.8118 0000833 143.8789 216.2443 14.19698370  2895
