APRIZESAT 2             
1 28366U 04025A   24164.09541268  .00000298  00000+0  10733-3 0  9993
2 28366  98.0831   2.5954 0105730 309.7939  49.3975 14.37314281 46020
SAUDICOMSAT 1           
1 28369U 04025D   24163.90152436  .00000969  00000+0  23970-3 0  9992
2 28369  98.5366 144.9537 0034091 113.8905 246.5868 14.53987556 57277
SAUDICOMSAT 2           
1 28370U 04025E   24163.89718059  .00000864  00000+0  23744-3 0  9994
2 28370  98.6285 145.7487 0055906 326.8765  32.8931 14.48735049 53647
APRIZESAT 1             
1 28372U 04025G   24163.49053066  .00000650  00000+0  17564-3 0  9998
2 28372  98.5908 144.6926 0044253 230.9062 128.8192 14.50691418 55195
NANOSAT-1               
1 28493U 04049B   24164.22491477  .00002164  00000+0  31809-3 0  9992
2 28493  98.1459 277.7216 0005237 124.8145 235.3558 14.76506421 46869
SAUDICOMSAT 7           
1 31119U 07012C   24163.83341097  .00001776  00000+0  34192-3 0  9998
2 31119  98.2768 117.5416 0057501 342.1680  17.7503 14.63817873914807
SAUDICOMSAT 6           
1 31121U 07012E   24163.83559495  .00001484  00000+0  30450-3 0  9993
2 31121  98.3099 112.2907 0075775  96.2513 264.7325 14.60418854912829
SAUDICOMSAT 5           
1 31124U 07012H   24163.83900045  .00001576  00000+0  29422-3 0  9996
2 31124  98.2475 118.5515 0048089 279.2565  80.3201 14.65678201915839
SAUDICOMSAT 3           
1 31125U 07012J   24163.75840320  .00001716  00000+0  30634-3 0  9990
2 31125  98.2141 119.2441 0040362 214.8520 145.0040 14.67780869916880
SAUDICOMSAT 4           
1 31127U 07012L   24163.83416001  .00001840  00000+0  36324-3 0  9996
2 31127  98.2973 116.0552 0066765  36.6664 323.9079 14.62264615913873
APRIZESAT 4             
1 35684U 09041D   24164.09169170  .00001581  00000+0  20598-3 0  9991
2 35684  98.2368 210.7798 0045403 177.8765 182.2648 14.81402161802475
APRIZESAT 3             
1 35686U 09041F   24164.19684500  .00002630  00000+0  25964-3 0  9991
2 35686  98.1162 278.1614 0067000 330.3625  29.3802 14.91240332806671
AISSAT 1                
1 36797U 10035C   24164.11153405  .00003426  00000+0  35105-3 0  9999
2 36797  98.1868  25.4663 0009349 330.5871  29.4819 14.91159155754541
S-NET D                 
1 43186U 18014G   24164.19827195  .00006370  00000+0  45792-3 0  9990
2 43186  97.5922  66.1256 0011379  32.8934 327.2998 15.04549997347753
S-NET B                 
1 43187U 18014H   24164.20051707  .00006407  00000+0  46062-3 0  9993
2 43187  97.5928  66.0769 0011953  27.6459 332.5400 15.04542890347752
S-NET A                 
1 43188U 18014J   24164.19943119  .00006427  00000+0  46194-3 0  9997
2 43188  97.5932  66.1883 0011917  28.5649 331.6228 15.04551183347750
S-NET C                 
1 43189U 18014K   24164.20265848  .00006581  00000+0  47273-3 0  9996
2 43189  97.5947  66.1380 0013380  19.8515 340.3229 15.04545077346303
SALSAT                  
1 46495U 20068K   24163.38850447  .00008722  00000+0  49548-3 0  9990
2 46495  97.8158 122.5346 0012992 341.3293  18.7459 15.13093703203437
